21.5828820678392
16.9646241525149
24.1213345333302
18.8496531043802
31.5809274610311
26.2315308971755
26.6148922253882
29.7271124589284
20.9930831791903
21.0104934372087
24.0983108994128
35.6395723736913
24.8110113443397
20.5391685732711
22.7468142227918
19.5344525597876
12.8190780431228
31.5911284890740
22.6764467231796
27.1359652407258
27.6646033540286
27.1404651170874
19.5699737348753
18.1172530667238
16.8339151546661
26.3825937615394
20.9743311202001
29.5291762167753
21.3240318258037
28.7351820270972
23.4742481385891
23.1490781297331
31.6939596173763
27.3039174917267
24.0638712918623
22.9352663393687
26.3949813491948
18.8325280369759
17.1931694483725
18.5842628853635
30.8220617397237
28.2201883881703
24.3138996792287
33.7697945324302
17.9433280689704
26.9283591065301
24.8303797531083
29.1621072255955
25.3986828262322
23.3875249592940
25.2662037627804
21.7685641512207
21.3126485228433
22.0051056594605
27.5123359335261
25.7279048986514
20.9059897061076
17.7872277111664
15.3333628867027
27.7445512351741
25.2740100989040
23.6228532354747
21.7536660336840
27.8418764319934
25.7989017545958
18.1414995154752
28.6715905319753
12.6003731688154
28.1764324791035
24.5634543621126
23.7276077951940
24.5995836394632
22.6894988479848
32.7514465573890
24.7909180825782
22.1105245549608
19.6000647629887
20.6970258626487
21.3350231783136
26.7291670621742
20.0659472010634
17.1094683608434
20.9468834315421
22.1268254445561
23.8512512406930
27.2976832330832
28.4290631149684
26.7774334582352
23.7883934790662
19.3575320496287
26.6285994330006
24.0482974593644
27.1015566212108
26.2232685687528
25.8170463974989
29.0637207808783
24.8162485830059
26.8961501663011
25.5605371083171
33.9470091243951
16.9362214241646
13.5876814037706
27.9062514850647
27.3851621501337
23.3197954242192
18.7651475585069
27.9413759875469
12.9829594698846
19.4107545089904
29.7048538672647
18.4563019425981
26.8602369486233
18.7820054883649
31.0380327441322
24.0611483848580
17.2081966575030
26.5582538695852
8.72027129001666
21.1472398763758
26.3254207306346
28.9218664324819
26.2799953463143
28.4548651264200
20.1143982567991
31.1907582567439
25.8414313339407
25.7803640398503
28.2838900998930
25.6846267001317
25.4488358870432
30.5084378489295
15.3782432758386
20.2949270702586
28.6874702397937
23.8538848435626
22.8048293845797
28.0575434572339
32.2881845339308
31.8133577310588
30.6241096088509
13.3569857929740
21.7422295344417
22.2171605869998
22.2624243624283
25.9838793758216
18.5266000766919
26.3517128341082
21.1768135201105
25.5728789232530
28.3592148530996
23.6986336214309
22.9406080732356
16.3261119405428
24.8007373249682
28.0782581027596
25.7154099074700
22.0469324619960
27.4155730278519
23.3427955664036
26.6109548464252
20.8398237490864
19.3869498866258
15.0910369484368
13.6229230393910
26.7660111400809
18.4856416917392
25.0788303250987
29.2490143755186
11.8301367484278
38.5188720535679
19.9025119318962
23.0117052825709
26.3576553079899
26.4679213640701
27.5324255560410
21.5899051566425
21.7182002476108
28.7532940099727
16.1405351263402
19.9221499882405
14.1791988338065
22.5998161304964
27.2822571640002
22.6742351032796
20.5862996504225
22.0867564009019
26.1069575410591
23.8201665473261
25.1953074799169
23.1371906679315
26.0387628893184
23.5198611991245
23.0485798474894
26.1014946768313
17.6110555820509
16.6925203901422
24.6593910468414
23.7665281018895
32.6565422213489
24.3363984975091
21.1633073855413
20.3763983294766
33.3736371259749
26.1057873096311
20.6960657947190
29.6161003790250
26.6704251438679
21.2093792823035
33.0485925223968
18.2699731570005
20.3334934351033
24.2068415205703
20.0659989670091
15.5583701702612
24.7369689962078
25.9571288445635
20.3741566294668
23.9218929904926
27.9157384637251
12.6105193144684
23.4947598124082
18.9357725086718
30.4441531422612
18.3317142030667
24.4637928823048
22.3293103224803
25.0376491929460
24.8321651682539
17.7337590473257
32.9696088897800
23.1409692423932
26.0515588092598
32.8555584971509
19.1410795449711
26.8723684820163
26.6268365405230
26.7027789061160
28.0644208868080
28.5499390764431
20.7758298132989
28.5743186247954
23.3206557255901
14.5790067891388
26.8833119640574
21.5376852377022
22.6032141904311
19.0992638220702
31.4854031194606
23.5417819067258
20.5882298511888
23.7774459857881
23.1808248049967
25.5508192672235
28.0542739194855
25.6890769008764
25.1085439691129
27.9339349170964
25.8700670002313
30.8609004811761
26.7450855260759
25.1444167986185
24.4717697858971
16.5412254943823
16.9544052528855
23.7272874307411
19.1680433176065
33.4402994570968
30.5793929807071
21.5570935418107
28.0811022225996
16.2349550118861
31.9106656960293
20.2399492459278
27.3886591857757
12.8985938182521
16.8036416297015
23.0019135568398
27.5284291786910
18.8795662833357
23.5177595698095
21.8987888438701
33.4986329616711
13.2433257595430
30.8446016695071
23.4558377490866
30.9067853394176
15.9786334498412
24.9431845475822
29.9412336183944
21.7887928813922
26.7212892476261
18.8077622026189
26.6405875456425
18.2192794347830
30.7900591988485
21.8263257242814
23.8527901304125
27.4786283885251
20.0566310625157
27.3331796878030
21.1369116709274
30.7243205500369
20.7945544829347
15.7105502111843
15.1067217951572
27.8237963471218
35.6258549257976
30.1572287279797
26.7661707021408
23.6241704923488
23.6118375326103
27.6849836154601
14.1151935741449
18.0079936740591
26.6955016253041
28.9417971632896
22.7736165035479
26.2226469443960
24.1443956625024
30.6832520835778
29.6253178322527
20.3176209428947
21.1654094515879
31.2455069091599
14.3159972404093
22.0232019915661
15.4270256545224
17.2999143575153
27.3185008319671
21.0563912617582
39.7435122458110
25.8407505254992
23.0073897568366
17.5133335581352
20.2317325194050
27.8814925641337
35.7171665999809
26.2606469495668
28.8106890697265
23.4684912094521
28.2181973550752
18.1147088871082
21.2536494234524
18.1606487063266
15.1937596741786
28.3133120538914
27.3329609219800
26.4136256210314
19.9263784581204
23.3003749851757
30.3995834914916
12.4683796071568
25.7874962630435
26.4951585654928
27.8592987083474
21.9751349366732
22.7666692454082
29.4295553689835
16.4916154609638
24.2698047844125
24.9516685049117
27.0456395748451
18.3712797926770
20.8477534592772
24.3696212747882
25.2091698717729
21.7941300396922
35.2687949814261
16.7478597184445
25.8421639216664
25.1542552018317
23.7697761227275
31.9662820103784
21.8413475891961
15.5411815278884
16.4796428971772
18.7192161717219
24.9585886797609
20.3735532896379
27.1874086587854
24.9330797553272
20.6221390768546
24.7816167995026
21.2384913050124
27.0133246523667
28.4494969927012
28.3342230349131
18.7042525438241
25.0520158457095
31.6607786010729
23.0159314650769
14.3273522410841
23.8888456676335
33.1967521541759
29.1293316719679
18.4003560032754
25.6033502742080
18.4963729437556
28.8883049257445
28.1588043223336
23.7809884810347
21.6595122926242
19.3643318038155
16.6179543099393
16.6826843337155
21.0400469716280
24.3822593955136
30.6200295327825
20.1496490684598
27.6330884412967
21.8601505428263
21.9515018056133
18.8131141844671
19.5471429186772
26.4541476955771
25.5113391534035
23.0403820013340
21.5835892763897
26.5209246316313
19.1768193533812
25.0251624318568
23.6796322959390
26.9262812838750
22.2976946201437
23.1753061497875
31.0303701148626
31.3286049455792
35.4735569477902
29.7047349747888
21.2869250429825
25.5350204811408
27.9984680098563
27.2021004641262
26.4349128885571
19.4182964370773
23.3196574396402
25.0600960370763
18.4749496925387
23.1998503681213
19.4560383305042
21.1314020512263
26.0332580938565
17.1985249735116
17.0799509088410
21.6876561474106
26.9427284422965
26.3655199805102
30.8461134784518
32.7098559528433
29.1671411962605
25.6000010940933
26.9479142345701
28.8337777931176
18.9179439973269
18.0855529949186
25.4002781826931
21.9311947148872
22.8963782075117
15.4611329908375
18.4509724452187
23.2940828538768
23.4801348376044
25.7230572664260
23.3576177093010
22.9085518174366
26.4988327791381
24.4011367287179
27.0274756115115
16.6850589441613
21.3140004025167
30.8836818274844
24.4599736563632
21.7879168811306
17.9625273663740
27.6847428923609
28.0413133829481
27.7280037513526
22.6548058072899
25.0254742575324
28.6363349497552
34.8523604041166
25.9875472413787
15.0211166384927
30.8543423479443
20.5644129635597
21.7051804806874
31.8709009755613
23.0956593021952
20.5294440172808
32.0797143128662
31.8702652451447
15.0118075180136
26.7935045486846
24.9134585782936
25.5777017663522
23.7903516283024
33.5737586149149
25.6235191266770
23.3777991338945
24.7647730929290
25.4123233217933
7.34798477911423
29.7207396023650
14.1216565654990
23.2003450805852
17.5605516627882
36.5700337308052
21.5737251114502
26.9199247677981
36.1393862275354
22.2419418118642
29.8883096367264
24.3489218742761
20.3251876743869
32.8198005177673
21.2539053714677
23.9447364040505
25.1821196545186
18.5373383790004
18.8666793575640
27.2610590440536
30.2313997232609
11.0058179334228
26.4035309228895
23.6157646023710
22.9779528894039
22.8354424352211
24.5120962466943
23.2709100965193
29.6781422284197
27.4274706495881
19.1831213911091
29.2111838007469
23.6869389170789
35.3365682645013
36.6523973841598
24.5467093057079
29.8456526240667
21.2224395184939
27.1373976757492
19.7967499467039
19.6704098328783
25.6507607598014
23.2442886045945
21.2460724745122
23.7472410463997
30.9967430081550
14.4007070639139
27.7253008876190
16.9378283213082
26.6161422791488
30.7200832902932
28.7337098587840
24.3003331486769
31.8864563498902
20.8111540417622
35.7979610616031
31.5692938950412
27.8199726967111
20.8719316545789
32.5308913584559
22.8913316898570
25.7132344149578
20.0031006593200
29.8623208451153
22.7280929627264
32.1963826263294
29.4523136371739
28.2162829063348
26.4010174107787
21.1085395507655
26.2610419529694
29.6764565807117
14.3720621462060
25.9365312569932
21.2151218285907
29.2399364424418
23.2806905621794
17.7866380081466
19.9872851214681
28.0752346052032
21.7978954988351
19.6513432181949
33.5518548078191
25.2156618982589
17.3215021218226
21.6644515981928
26.6021726433700
14.0136759816607
18.2213061365078
23.1776499713708
27.8981667219401
25.5314725413117
28.7420752687317
28.5051363323204
24.9917027342957
25.6881524398334
27.3382131280006
14.2035117820341
24.5449697958142
21.7873157866821
15.5984386633750
29.4161778970075
28.5013854505718
32.2632319487267
28.8170243413923
23.3693513265426
18.6466775755193
18.7271001341626
28.4736060092642
27.3247831158790
15.3030200872251
22.5253796008888
23.1158094515138
25.2641467495921
22.4551537253268
28.7320588733560
29.6643038743960
33.2984813563214
29.6179270602332
29.0816275276625
27.3002399196965
24.1072804351111
20.1537362066796
31.0806677474055
29.5659946517996
20.6065099719849
25.3311333442645
17.5248717396744
20.7522173521216
21.9624103402549
19.5645204068355
13.3198135870801
24.8607538952662
22.5328747113513
22.9331598144835
24.5032199055988
32.3046443841185
25.8917783283631
20.8190710097004
27.1281890009773
21.7385027384797
36.5283338891396
22.5136858944445
19.6342552792739
25.0206468035898
18.2811069164870
27.9175927002934
23.1389633935400
17.4333164181871
24.7984360204645
20.7656916022546
25.5518396523145
26.2641125019666
22.7556451504667
24.7778420515174
18.0480515213388
26.0141460155183
22.2657079627058
27.0731367618863
27.7561243818023
24.0224340633414
24.4206950934816
19.0430532568716
15.8337574622059
27.5307474999082
23.1593220033891
22.3455548857095
12.0215015998595
19.5322082699489
27.7740814115428
30.4233378998341
30.6825457422663
21.1471031598169
22.6167799797920
20.0922802137526
30.3545603284611
21.8397316717807
24.7244180699968
18.8913718361224
20.7544495217974
12.1601229063893
22.8026676321784
26.9443048824738
26.9316652234360
29.7766737934688
25.0633751330960
23.4648210048177
21.5318842756295
24.2581440474281
32.2844974056786
28.9617200350185
21.6001724907000
33.5037172361461
28.6318921968085
26.1699743981127
29.2012169442662
19.7140622414358
21.0259831094340
22.6415157056050
18.6314464093580
26.0151663906728
23.0986670580542
16.9784752464819
16.8600367183920
32.1481818680988
16.2541041963976
22.7254130753119
22.2473498882590
25.6666019922117
21.8933585561469
24.4401783109410
29.4025248356319
24.5793044494825
24.1648148388185
23.1049404916313
29.6005607656312
17.2447455523715
30.9229966060228
27.5024475935212
26.1507622015876
28.6563641161013
28.2647807855835
26.4535352382805
24.0675671868022
23.4509110507176
21.1887779885402
22.4054152429703
23.0195741074467
22.1988670849040
21.7625024629222
18.4569367720757
17.3967671283244
18.4599014715143
30.7153813161576
20.6384344436846
27.4663856056181
22.4819807107565
30.8061300433162
29.7988076938662
20.0514484970622

