4
4
14
11
11
11
7
11
4
9
18
9
13
9
6
12
10
15
8
12
10
10
6
11
12
10
10
5
13
15
8
7
6
7
8
13
9
15
12
7
9
7
10
14
12
14
10
10
5
17
15
7
10
11
14
10
9
8
9
10
10
12
5
9
9
9
9
10
12
14
14
9
12
10
17
8
11
12
14
12
10
6
10
12
13
5
7
14
10
17
7
14
8
9
10
7
16
7
8
10
4
12
8
13
7
10
15
5
8
7
12
8
10
11
7
9
5
8
12
8
11
11
6
12
6
7
8
6
13
6
8
12
11
10
10
9
9
13
6
12
5
8
12
12
10
11
10
14
4
14
8
13
10
8
14
12
9
12
9
2
8
10
14
5
13
14
8
12
12
15
9
7
6
10
8
8
16
9
4
8
12
5
8
10
14
9
12
14
8
7
7
15
5
12
7
18
12
10
13
17
12
12
9
10
6
13
4
11
4
13
6
7
6
6
6
10
8
9
21
6
13
7
10
16
10
11
8
10
7
10
13
13
13
4
16
15
12
14
10
10
12
14
8
13
12
15
18
6
15
8
7
14
9
13
9
8
13
13
5
12
16
9
10
12
10
8
11
12
13
10
10
11
6
15
10
8
12
14
10
11
7
13
10
10
9
8
8
7
8
16
13
12
13
6
12
8
17
8
12
12
13
9
13
12
4
11
16
6
10
11
8
6
11
13
14
11
7
10
7
13
13
10
15
10
14
10
11
15
11
11
14
9
6
11
13
8
12
9
9
7
8
8
15
6
12
9
18
12
11
8
14
14
12
16
10
7
9
14
14
11
12
10
7
11
14
12
9
15
8
9
9
8
8
11
12
6
8
9
11
9
6
10
8
13
13
9
14
14
14
9
12
15
11
14
12
5
10
17
12
8
9
17
10
9
15
7
13
11
9
12
6
9
12
10
6
13
9
10
4
8
10
17
6
10
14
9
5
9
10
14
10
11
14
16
13
13
15
12
14
13
8
10
12
7
11
7
15
10
9
10
10
9
10
13
9
11
11
11
11
13
11
10
7
11
5
9
7
13
13
7
14
13
16
22
15
10
14
8
7
13
11
6
7
8
16
7
11
9
13
4
15
15
5
8
9
11
4
11
12
14
15
15
8
10
12
9
4
11
8
6
7
9
8
10
9
10
8
4
7
15
12
7
5
11
10
8
10
14
13
6
8
13
4
10
7
7
9
8
12
10
10
11
12
10
5
7
10
15
5
9
9
6
9
6
10
9
19
14
8
11
9
12
4
13
9
8
8
9
12
14
12
5
16
9
12
6
8
6
10
10
11
15
9
6
8
14
10
11
11
10
13
8
11
15
10
9
15
12
8
10
9
10
8
4
7
8
4
12
6
12
12
7
14
8
7
12
9
13
7
12
6
15
11
10
15
12
9
10
8
15
9
8
11
15
11
12
12
7
8
9
13
10
3
10
9
13
10
9
6
14
9
10
7
6
10
12
12
11
6
6
17
5
8
10
10
12
5
10
8
7
2
11
5
11
11
16
7
12
7
14
4
8
13
12
15
6
10
10
9
10
8
12
8
10
10
9
9
6
19
10
16
11
6
11
6
5
7
11
9
12
7
7
4
12
15
7
6
16
10
6
11
12
14
14
13
10
6
13
9
9
7
7
12
12
8
14
14
8
10
20
16
12
11
7
8
6
6
12
9
12
8
3
12
11
9
9
9
8
7
13
10
10
15
6
6
7
9
7
8
14
12
14
8
8
15
7
11
12
10
13
7
10
12
11
9
14
11
17
16
6
6
12
5
6
10
13
11
9
6
11
8
4
18
11
13
10
9
8
8
14
17
11
7
14
8
13
12
8
13
8
4
13
12
6
11
7
10
9
10
8
14
13
9
8
6
8
11
9
13
11
14
6
9
11
7
12
12
9
11
13
11
12
11
7
14
12
9
16
9
7
11
16
11
9
6
9
8
10
9
11
15
8
10
11
10
9
10
7
16
9
6
4
7
10
12
7
13
5
10
6
10
12
11
12
10
10
12
7
8
9
12
12
9
10
12
11
11
9
14
8
9
6
14
10
10
16
15
7
15
8
11
11
7
18
12
19
9
17
17
7
8
6
11
5
7
5
6
7
14
10
8
10
11
15
9
12
4
10
8
11
13
7
13
16
10
8
9
8
11
11
12
8
14
12
11
12
10
15
13
8
11
6
12
7
19
17
10
8
8
8
5
15
12
10
13
8
14
12
5
7
8
13
9
9
7
8
9
10
8
15
