12
16
40
13
23
18
18
8
38
19
29
33
25
30
23
25
32
24
11
7
29
21
24
26
15
29
17
16
28
36
18
21
37
17
19
23
22
18
26
33
13
26
19
26
40
21
20
20
14
19
28
15
14
27
27
14
9
17
37
23
11
15
26
39
25
19
35
12
37
28
12
31
22
44
32
29
28
27
26
25
18
23
36
17
28
26
42
30
27
21
21
17
25
24
21
22
24
16
13
26
14
32
17
27
22
33
11
13
22
24
18
36
32
10
11
12
17
27
15
20
25
36
22
22
13
21
16
18
18
8
12
16
11
22
23
25
31
26
12
13
15
7
39
37
26
30
16
11
19
30
60
23
38
16
18
25
20
35
25
27
24
23
27
37
12
19
20
20
17
22
28
25
20
9
25
12
10
22
29
22
13
19
60
43
16
18
26
24
21
22
10
28
30
19
18
15
41
10
21
25
32
28
11
15
16
11
22
19
17
10
23
22
34
20
24
25
22
24
29
25
26
18
10
22
14
32
26
37
40
24
23
14
22
15
21
54
20
18
24
22
16
21
24
24
16
22
37
20
15
7
58
20
19
26
11
21
50
21
22
22
10
28
22
35
25
12
27
7
20
23
19
25
24
18
28
31
29
14
23
20
16
20
14
24
12
29
53
31
14
17
26
14
11
27
18
22
18
24
18
28
35
17
32
30
16
21
29
17
24
21
26
31
32
15
22
33
23
20
28
10
10
23
20
22
34
29
16
11
15
10
18
12
10
17
23
15
31
26
13
10
27
30
14
20
24
27
24
23
14
29
28
8
27
12
18
17
27
28
11
22
19
25
21
31
22
23
26
17
17
6
17
12
32
14
25
26
24
21
20
8
22
19
13
30
35
15
24
23
38
22
25
19
12
34
12
11
36
41
29
29
16
22
41
26
19
23
27
17
33
19
30
16
24
28
21
21
20
31
19
23
42
27
39
10
36
28
17
19
15
36
31
42
9
19
18
27
20
66
38
13
40
21
15
24
9
16
24
31
28
11
21
25
31
36
11
21
10
28
34
29
29
26
16
24
12
20
26
14
24
16
34
17
21
16
15
33
14
27
18
30
9
39
18
25
35
26
26
14
21
21
36
43
29
27
18
30
8
24
21
21
22
31
28
30
23
11
13
14
19
29
28
25
28
23
21
10
37
35
14
22
29
10
29
13
29
26
32
24
25
24
26
24
33
24
13
30
25
24
17
13
19
16
16
41
25
31
20
39
28
37
21
28
33
30
21
9
19
20
28
29
37
13
22
23
37
38
21
18
42
25
26
26
10
16
24
20
21
24
36
23
16
18
15
29
22
34
13
14
35
27
21
29
30
32
16
26
16
17
36
14
37
19
45
29
31
34
16
11
18
39
16
25
24
20
19
20
26
21
31
12
25
30
23
29
27
11
15
37
15
32
26
18
29
21
33
5
11
35
22
20
43
10
22
19
31
24
38
37
44
20
36
22
17
28
18
10
22
15
7
21
24
35
9
23
15
13
26
9
24
21
12
34
27
19
22
15
16
30
23
28
29
10
35
8
29
23
14
12
22
22
35
25
18
28
37
28
21
11
25
26
38
21
23
19
22
21
22
40
53
18
24
35
27
27
25
30
27
14
30
23
18
25
16
20
28
18
24
24
35
22
34
34
21
30
12
28
38
17
35
15
16
20
19
34
29
32
20
33
15
22
35
12
33
14
14
23
22
11
21
29
31
28
33
15
30
9
38
12
40
26
11
24
18
55
22
19
23
20
23
25
29
18
19
18
20
9
25
28
18
12
31
36
17
28
20
32
25
39
32
35
24
22
20
14
16
12
25
21
27
25
19
16
48
17
34
10
33
30
22
25
31
14
35
39
37
34
17
20
23
21
39
44
21
16
11
22
27
35
26
29
35
10
48
20
14
41
19
23
29
22
16
10
28
33
29
26
21
28
24
6
11
56
30
21
15
36
23
20
18
34
23
20
36
39
55
33
26
28
33
23
21
29
25
23
34
18
29
47
7
26
16
14
12
22
13
24
23
28
25
22
30
17
23
14
19
23
33
39
32
31
24
20
16
15
16
43
37
7
22
12
32
15
31
17
29
19
17
33
18
28
38
35
8
22
11
23
18
9
16
23
21
16
28
12
20
36
24
36
18
28
27
11
16
27
33
18
44
27
31
15
24
6
25
30
20
31
15
12
10
10
13
27
17
25
7
19
36
17
31
37
29
16
29
25
5
21
30
27
31
20
42
12
15
35
15
24
46
23
15
34
