6.135
1.4264
21.239
6.6595
1.2065
0.91165
5.0676
2.3553
0.78729
12.917
2.6781
3.7699
0.86073
3.3655
2.0727
1.8583
6.7891
8.7168
2.1439
3.124
1.8192
5.7451
5.7889
28.372
0.30053
1.0996
0.964
4.0261
1.7264
0.455
3.5926
1.407
1.9191
1.1154
0.25147
1.0432
2.3888
0.73773
0.50227
3.7765
0.28791
4.2493
3.562
0.91288
5.3117
0.91716
1.8394
2.9123
3.6191
1.4004
1.7486
3.368
4.787
10.287
0.57768
1.056
6.7902
0.53317
0.43027
2.2508
5.0856
15.079
1.8768
3.0405
6.0712
29.603
3.3667
10.603
1.4874
1.365
0.23909
1.7875
2.6226
4.607
1.6145
1.4885
1.4896
3.6324
2.7109
5.0823
4.7885
3.6775
3.0723
2.1259
1.3131
4.5877
2.5474
2.0563
6.6357
0.61989
1.498
5.714
4.1077
1.2151
1.4155
3.031
0.27805
1.7607
10.883
1.9935
2.7324
3.4695
8.5393
3.521
3.0916
5.9296
2.1454
22.279
4.9675
1.2524
10.343
1.5002
8.7006
0.59276
5.4845
0.77249
2.7278
1.9153
0.91172
9.9867
0.26996
2.3665
4.6526
2.9311
1.5512
3.8554
7.9951
1.6593
10.074
0.53024
1.6831
0.79602
1.3501
18.428
5.5692
17.722
3.8275
1.8676
4.1381
4.4924
4.2463
0.33368
1.2899
2.2797
2.0976
0.26773
2.2242
0.86936
1.0252
0.31435
3.2527
0.52848
0.71164
5.5591
1.7633
2.4105
4.0441
5.7957
0.54229
2.4115
1.5429
0.51385
2.5497
3.1395
1.7046
13.354
1.911
1.7013
4.8347
0.98619
2.3004
12.55
16.487
3.8793
1.7606
3.1012
9.1252
3.7148
1.8494
4.8873
0.42798
0.76422
1.779
0.65976
16.91
2.9403
2.831
2.4115
1.8859
0.1519
3.4382
1.2018
1.1515
6.0381
5.2048
2.7909
2.2382
0.5369
2.4721
0.84049
0.97019
1.8746
8.6133
3.1855
10.201
22.278
4.2174
6.7926
6.9078
0.86504
8.5175
3.1033
6.2996
3.41
3.2378
1.8291
5.7559
6.2428
1.8867
1.1157
2.8209
4.6117
1.4249
3.7399
1.2157
1.1395
2.5491
2.3105
11.239
1.0469
1.7031
0.49082
9.5416
3.7014
4.1216
5.1951
1.1852
1.4054
16.545
3.8957
1.5285
2.3034
4.6251
1.5231
1.4497
8.0864
3.251
1.0245
4.1517
2.3535
8.5843
1.4981
1.6907
2.6241
2.0437
5.5202
7.6794
1.2264
7.5586
0.7791
2.2884
1.9543
1.1281
4.4501
0.73971
5.8301
5.9034
2.7664
1.0127
6.0715
3.3358
7.5344
2.576
3.0025
1.0174
2.9903
2.3116
1.8027
1.4293
4.8747
2.4582
9.8624
7.2338
4.317
3.5107
0.96672
3.6796
3.014
1.06
0.98223
3.4869
2.3387
1.1663
1.8484
1.3595
6.6358
1.5198
2.3162
17.007
4.5364
7.4271
2.0755
0.99323
0.39261
5.4124
5.8611
17.068
0.65924
42.308
7.285
3.1714
3.5615
3.4159
2.0914
2.7297
6.064
4.2826
1.98
2.1135
1.9295
13.031
8.7925
5.8609
1.5056
2.1901
7.8868
25.53
3.0651
0.57048
0.63241
3.511
3.4246
1.4632
3.2973
0.35069
2.9406
0.83631
1.2913
1.8913
3.3193
3.7605
2.8254
4.7902
2.3472
2.9707
4.733
2.8305
2.22
1.9516
1.0202
0.47204
2.0276
0.68891
1.9618
3.1987
1.1552
0.97935
16.949
0.87229
1.4613
3.6392
1.881
1.048
1.0749
0.67696
1.8981
1.3804
26.899
1.9325
14.086
1.8643
6.9554
1.6631
1.0102
5.8812
5.2275
0.97411
2.2485
6.4612
10.466
1.656
12.022
2.7527
0.76643
1.3944
3.9641
13.579
6.3752
1.7225
4.0086
8.4719
1.0541
4.6264
2.6452
1.7566
2.2599
0.40302
1.5034
0.94687
1.5788
6.1361
2.737
6.9586
6.3008
8.1515
5.0688
0.87954
1.9393
4.244
3.1033
2.7349
6.2697
0.97934
4.9041
1.8165
3.9081
2.8485
2.0762
5.0093
4.2903
3.4577
0.097921
3.7382
3.8312
2.5839
6.242
0.62694
4.7104
0.92433
1.6642
5.2814
1.9027
10.818
0.26718
3.1084
29.529
52.649
2.6499
2.6644
3.9
6.4203
2.9129
4.1263
4.5423
1.4797
3.9654
19.798
0.65758
3.9486
0.53536
2.0728
5.5439
2.0603
4.1316
10.971
5.7347
1.0232
1.2216
5.426
2.423
1.1478
3.0875
4.3126
14.668
1.2117
2.7137
4.3465
5.5575
6.3249
3.7783
0.65054
11.201
0.53111
2.4622
18.22
6.8488
6.611
2.2006
3.52
13.26
3.8002
3.4458
2.8757
2.8152
8.3161
1.7646
3.7085
2.4505
0.59644
0.8238
7.1448
0.62704
2.8351
1.4778
2.9341
1.7717
0.63582
0.87346
0.84511
1.786
3.1684
3.4552
2.7254
5.6078
0.97749
0.90677
5.9161
0.98116
5.5385
9.6324
4.0091
3.4808
5.836
4.3659
1.6977
1.4177
1.028
0.24719
1.3741
0.49931
36.63
1.6589
4.7166
2.1025
2.0643
1.827
8.588
8.6503
1.4353
6.5006
5.7023
5.4255
8.5949
2.4505
6.6099
4.5403
2.3695
8.3409
3.5609
6.1415
12.364
7.9797
6.9672
2.0719
3.29
1.1909
2.2561
3.5785
9.3898
9.813
8.3336
7.6378
0.65791
1.7442
15.78
0.84913
25.523
3.3352
3.0013
4.4374
12.408
1.5061
0.64509
2.949
2.1931
15.943
8.3267
1.0896
1.0615
0.89539
1.781
7.3394
5.0353
0.96612
3.5912
1.3553
7.8986
1.6186
6.4931
2.0042
3.7334
1.9823
1.4996
15.665
0.2961
4.2111
23.476
4.7701
4.2995
1.9053
22.821
1.8629
0.88368
3.8985
0.66558
1.8871
4.9994
1.4331
1.6124
6.668
3.8332
0.99467
3.0521
2.7663
5.8455
0.48766
1.3432
9.5055
2.1258
8.9481
7.5038
0.77343
2.0069
6.4565
2.4028
4.0835
3.0463
2.5399
2.8265
9.2997
2.0512
0.79117
4.3636
2.8479
3.0911
1.9745
9.4156
1.7752
5.8359
10.234
1.8398
8.2191
0.66336
7.5088
4.2277
17.686
2.8725
3.2591
1.5064
1.5632
0.70713
23.294
5.0546
1.3054
10.571
1.0361
12.324
0.98035
3.6858
8.2165
18.375
1.3432
1.0276
2.3208
1.4864
3.7888
1.7769
0.76061
5.7823
15.975
9.2381
0.85224
3.0478
1.4214
0.91161
0.38808
0.83392
1.3972
7.0714
4.4017
2.8576
3.3365
3.5813
2.9166
0.9799
0.98116
25.923
1.5575
3.8829
7.634
6.0453
28.003
7.8321
3.6251
2.8583
1.0251
17.629
2.6001
2.5347
4.2933
5.3209
3.4611
1.7793
5.9211
1.6522
0.89653
2.4672
1.8992
2.2151
2.0468
1.5443
0.79753
2.3537
3.3056
1.3861
1.4598
8.1424
4.0111
2.2034
2.2435
0.87187
3.1703
1.2247
3.1061
4.8276
3.8735
6.0088
0.48687
16.596
3.2803
1.4956
0.47955
9.716
6.3842
0.91815
2.1229
0.82917
0.84799
6.3275
7.073
1.4788
10.393
0.62308
3.2594
7.9249
2.8607
5.5447
1.1482
0.50981
1.0134
2.2724
1.1617
5.1091
7.8483
5.2619
3.463
10.708
0.61461
1.8026
8.1008
28.348
1.7667
3.5862
4.0481
2.6276
1.0005
4.8791
3.7759
20.792
0.68174
2.2993
15.627
2.0588
4.389
0.87093
0.84831
2.6006
7.203
5.1396
3.7181
5.1183
3.0292
1.1085
7.7043
6.8809
3.5132
1.7006
4.7307
4.4375
0.72781
0.71391
3.3835
1.0847
2.4198
6.5132
3.4224
1.8643
2.7095
4.0485
6.3685
0.96029
1.2723
5.8413
4.6189
1.7406
0.40397
1.3716
1.4295
2.7214
8.3069
3.3305
4.855
6.3092
1.1055
2.2716
1.3004
3.4437
4.9322
3.3033
11.883
6.3886
3.0379
2.7245
1.6231
2.828
1.5191
0.51751
3.388
4.0721
2.1464
6.2958
3.1977
11.551
2.9572
12.641
12.293
0.85583
1.8985
1.3178
1.0875
2.0101
3.5356
2.0765
1.4736
0.83735
0.599
1.8948
2.5647
2.9297
8.8393
1.8122
6.6253
2.6113
3.107
1.2416
3.8268
1.2623
4.5692
0.9166
7.077
2.9936
2.2069
13.585
2.7891
0.41754
3.5078
11.043
0.64543
12.543
0.38606
0.23362
0.7841
1.0553
1.6698
2.1031
1.2954
7.6316
1.5079
0.94249
0.1112
1.5027
13.07
2.3737
2.4077
3.5938
3.3516
0.67624
0.79817
17.864
1.0933
1.0603
6.2365
6.1371
11.663
16.79
1.7124
1.1808
8.9112
2.9169
1.1999
1.1586
9.3491
7.1863
1.2996
2.9028
1.0877
12.283
8.5298
2.5818
3.4938
1.2712
2.3988
6.573
0.92292
6.132
10.297
8.2118
0.34734
0.32906
10.523
3.925
1.6445
0.68463
4.2722
1.3809
1.6099
0.57312
2.0025
0.40876
1.0469
14.758
1.3857
3.5719
1.7672
2.0786
1.7329
0.5137
3.3599
0.56955
0.4957
0.63342
2.9534
14.076
0.91904
2.7872
2.5093
0.6861
10.376
1.7073
9.6335
41.009
1.8589
7.0754
0.70874
7.7659
9.2613
4.5993
17.233
3.9895
1.2839
0.8747
1.1637
3.635
3.2933
10.929
4.1883
1.0212
7.9244
2.2486
1.7695
2.6202
1.6682
5.5745
6.3462
0.74774
16.96
1.7364
0.92964
2.6756
1.6246
0.42085
1.7764
3.2789
1.1208
1.4137
1.0718
3.0327
0.97374
39.329
0.4958
5.3825
1.825
10.361
1.4606
3.3897
4.5266
0.56444
2.2713
0.31809
1.119
22.578
7.2841
6.6914
0.60534
1.7101
1.588
1.1437
0.70557
10.322
58.985
7.6393
3.9419
6.1907
5.4665
1.9216
5.5889
6.2103
0.88406
0.64125
6.4658
0.22542
0.35363
1.8263
0.4648
2.2467
33.992
4.1895
0.29649
2.3341
1.236
10.54
1.7647
4.8602
0.68792
2.7018
10.239
5.1034
6.8096
1.6235
1.9341
3.324
0.55632
1.1283
4.4543
0.51835
0.34626
17.046
0.22966
4.353
2.2494
5.116
4.2016
0.72
2.6034
1.3888
2.907
1.6228
5.6982
3.637
0.96149
3.7079
1.7151
1.4977
0.62203
1.4163
1.204
13.547
0.28867
1.2645
1.0724
0.94239
1.1531
1.2459
5.3109
0.62556
1.9807
1.422
0.84764
1.333
2.8631
3.879
2.8614
3.5482
3.0537
11.584
5.7549
1.5317
2.3975
1.0936
0.53562
5.3972
7.9104
1.4591
27.322
3.725
6.2554
2.3825
2.8896
2.0637
2.284
3.3186
5.7876
1.8755
0.9598
17.108
9.702
1.5235
3.2372
4.7343
1.2425
10.425
18.365
2.5658
3.1931
1.4584
0.34821
2.3421
1.2642
1.9163
0.77213
0.83824
2.1571
3.7015
1.3911
0.84201
0.74441
10.121
4.5637
12.053
2.0093
9.4624
1.5877
10.612
0.80589
8.3072
3.727
0.74597
3.8152
2.6422
1.2782
10.787
1.7736
0.36813
0.50745
3.4885
0.70961
5.5371
0.72849
14.901
9.4037
27.19
1.9793
0.80892
26.413
5.7349
4.8209
7.8116
2.4133
4.809
1.135
0.37545
2.6283
2.1976
26.86
2.2414
11.196
1.5338
0.98446
3.8038
3.4409
1.5891
1.7762
24.414
3.7409
15.287
3.4883
2.1514
2.726
9.4067
0.80458
3.8486
6.4413
2.5312
11.129
6.2355
1.2154
5.7734
7.5948
12.434
1.5861
5.8587
0.31055
7.3855
3.4589
1.95
0.45328
6.3364
1.8611
0.88917
9.3056
6.7796
5.7181
6.6094
4.4357
2.8118
5.1364
1.0702
13.981
2.2576
1.6494
7.6139
6.7554
11.834
1.0274
5.265
0.42585
0.95669
0.31373
1.6569
0.80667
3.0117
1.8055
0.67303
20.018
26.949
0.25113
0.94045
3.319
6.517
1.1137
1.8207
2.43
1.7989
0.97822
3.5996
9.4212
5.0081
3.0355
1.7797
0.87324
2.0245
0.18207
1.0802
0.91061
3.749
9.1084
4.6893
2.4005
3.2409
3.3982
20.061
11.084
27.57
3.4404
3.8591
1.4384
1.0199
0.32775
1.6074
4.3072
35.178
3.444
2.665
2.4125
4.7045
2.5538
1.4066
0.45107
0.57162
1.2823
0.68554
7.8626
24.746
3.8581
2.3605
4.8572
3.1719
3.0708
6.4369
3.704
2.7021
1.9318
0.95123
2.6036
0.31291
0.54421
23.899
4.0112
2.2874
1.9044
3.1994
19.122
20.36
7.3286
0.63334
7.8908
4.7059
0.73339
1.6454
1.2589
0.60532
8.6813
2.3202
6.7007
2.1541
2.093
2.4534
10.101
4.2988
3.16
2.8934
8.0512
4.5146
1.7439
2.9379
1.3243
1.7483
2.3424
9.8445
6.3976
2.4678
0.80955
2.3366
0.5607
23.903
1.1965
3.8707
10.254
2.9423
0.40318
1.4014
0.48082
18.933
0.53283
6.4948
1.4624
1.3138
3.9328
4.4562
2.3219
2.2998
1.3792
11.089
1.3026
2.0059
3.3322
1.5524
0.23424
2.1906
1.3479
3.666
2.1975
7.5236
0.31485
5.4969
4.1344
0.78578
1.1577
5.2257
7.6592
0.36308
9.4542
2.0354
2.4754
2.1675
1.5192
1.1879
3.009
1.0036
3.5928
2.6824
3.5658
0.4071
3.4028
19.073
1.5681
1.0486
0.39838
1.5868
8.1157
6.4969
0.51286
4.0768
6.0999
1.8395
1.3389
4.029
14.502
1.5241
1.9027
16.044
10.868
2.8788
6.4776
4.7366
2.1859
6.8765
4.9778
0.57754
11.565
0.20727
13.429
2.3927
3.0437
2.1419
6.9813
0.87381
3.6536
0.19753
0.98384
3.845
1.5264
3.3786
0.345
24.508
1.6312
0.85048
7.3895
3.0064
1.3119
3.1385
13.42
2.3804
3.4925
0.59808
8.5668
1.0794
3.4338
4.9755
1.7896
3.6745
0.95395
2.3447
2.1188
2.5251
0.72674
0.95094
4.5217
1.4826
2.5005
6.328
1.7823
5.1331
4.5875
5.9533
0.50925
3.0567
1.0448
0.5721
7.0319
0.72737
5.5215
3.0744
6.389
3.1159
1.8859
6.7635
3.1188
12.181
2.0319
1.4743
1.9822
3.1482
4.7305
3.0023
12.85
4.0816
1.7182
3.8148
1.9296
5.4525
2.8423
1.7432
3.7819
5.1738
1.7862
1.0722
5.5905
2.0651
7.2126
0.25821
0.51597
0.74953
11.793
2.8621
0.44099
1.5271
5.916
4.4377
1.1401
1.3898
1.1386
2.145
1.6823
1.8551
0.915
2.0066
1.8575
2.7915
2.2797
3.4925
10.627
5.4735
3.6999
3.5855
15.946
6.5969
1.9511
6.2125
3.5653
4.39
1.1783
1.649
1.6198
1.1253
8.6043
1.4012
2.6074
6.8451
9.1409
2.475
3.2684
2.1379
2.6029
3.6872
3.0684
2.8498
1.6493
5.7773
2.0765
2.1532
0.23118
0.48694
8.1827
1.0944
5.0012
1.8956
1.6359
4.5154
1.369
7.0935
5.5184
5.1855
0.88855
81.329
0.63895
16.353
3.7996
6.0708
1.4841
0.68617
1.3726
5.4166
1.6608
4.9222
3.051
1.6428
4.6316
4.233
7.5925
1.8577
3.3957
3.6311
4.422
4.2432
4.5677
0.69638
4.7818
4.1071
7.5551
10.785
3.0937
8.1276
0.58048
2.0072
6.1368
5.0717
2.8165
1.4912
17.053
6.852
2.0642
2.5832
2.8212
9.663
1.5767
2.1378
1.978
1.0416
4.653
4.0853
2.4282
1.1735
1.7245
0.97617
3.9619
2.3123
4.8472
6.4476
1.5157
8.024
0.60257
1.7966
1.5581
14.935
1.8741
11.811
1.4442
0.99177
6.518
2.0296
0.65957
3.6382
0.59598
4.3682
1.4439
2.7702
4.5139
2.266
2.6198
0.50889
2.2871
4.1747
5.8696
4.2451
2.11
1.8642
2.5372
3.5146
0.83358
0.9724
2.5886
2.5619
4.1479
0.42165
5.4646
9.4355
2.4954
6.2274
0.73535
3.2297
2.2012
2.8853
6.0819
5.9952
7.4885
13.78
6.5922
3.151
3.7041
1.2703
3.231
8.176
7.8989
3.19
1.9505
1.7827
0.49493
4.2351
0.54231
1.6957
1.6988
2.386
2.593
7.2573
0.48822
0.34944
0.39382
1.388
0.84966
12.575
2.1015
3.2571
2.6551
0.90058
0.82306
6.0513
12.893
0.95084
17.765
4.8836
1.6185
19.77
0.12733
2.656
1.745
1.0528
5.3171
6.5207
0.41674
0.65308
1.3904
5.6599
2.1905
3.0185
2.7593
2.3062
4.6443
0.77769
3.4732
1.5551
5.2718
4.5055
1.5674
6.8669
2.6517
2.2516
0.75469
18.359
0.63396
5.9731
10.627
1.3462
5.061
1.7878
2.2121
0.94216
3.7619
6.0492
4.6682
2.5924
3.4197
9.4188
0.93974
2.1022
6.154
3.9342
1.3936
7.7564
18.385
5.3424
7.3095
8.2803
1.1425
1.0377
4.1683
5.9032
1.9563
3.1349
13.319
4.6501
8.0775
3.3643
4.9203
1.7702
0.92052
1.926
8.2286
4.0174
2.0695
4.2753
2.7818
3.5081
1.6331
5.6813
4.3576
2.3591
3.9916
2.3125
0.45813
11.652
1.6739
2.4085
2.0347
0.86542
1.1365
0.9697
0.50355
2.4359
1.5894
8.6873
8.5104
1.9688
3.2759
4.5638
4.2427
9.8549
16.068
5.5406
1.5911
10.149
1.5279
1.0002
10.267
9.3434
4.4587
0.74413
1.0505
0.46784
32.918
2.5472
9.2994
11.637
1.5851
1.1275
1.0549
4.7625
4.6118
1.108
3.4641
1.2249
10.354
1.1185
9.0057
7.3535
0.49886
0.52038
4.6938
5.7305
0.94541
2.9018
4.1636
11.884
3.768
1.1471
4.4718
2.0724
1.0141
1.4293
18.409
1.5916
3.8581
3.0562
6.9717
8.6747
2.0618
6.2833
11.433
5.6255
2.5068
0.85395
2.4514
2.2306
0.63847
4.6138
5.0936
7.2292
1.7709
12.453
2.0462
1.8258
3.4887
5.7127
6.4034
3.5682
11.847
1.2003
2.3602
1.007
9.5829
1.2418
1.9176
3.8352
7.2009
5.6329
1.243
0.99295
1.3603
3.2385
1.5571
0.57411
0.41836
2.168
16.763
4.3391
1.6429
2.3583
0.70362
3.6747
2.0159
5.6804
3.054
3.8989
3.7762
5.4629
39.131
7.8732
1.8912
0.14893
15.021
0.41142
8.4562
4.5356
3.4133
3.9584
0.90784
3.4784
2.2429
6.3959
0.88063
13.027
5.5236
1.3409
8.3058
2.4709
1.9684
3.4292
3.7631
2.6526
2.6162
0.86845
3.1518
6.4158
7.0788
8.7589
1.4621
6.0615
0.96704
2.9341
3.8875
2.5184
2.5178
1.3469
2.6449
5.2856
3.2622
6.3559
0.37036
3.1243
2.191
2.8689
19.526
2.1761
2.8739
0.84351
4.7766
4.3972
0.56507
2.5996
13.178
10.969
2.6918
1.0427
1.9309
1.3534
2.5443
5.7652
6.1097
6.7365
0.92692
4.0056
7.3947
5.2431
7.4428
0.85703
14.945
0.99951
1.3967
1.4984
10.656
0.64852
1.8339
3.0835
1.0046
5.5508
1.8068
4.2635
2.275
12.914
10.529
32.194
3.6272
4.3574
2.6583
1.3188
1.3917
4.3271
15.681
3.3293
4.4654
4.0871
2.7994
0.15073
1.2672
4.4125
1.7812
6.9256
3.0358
1.0299
3.858
0.44916
4.7944
1.3795
2.1029
5.381
3.1194
2.1512
12.968
2.8039
1.2286
10.921
5.907
0.89808
5.3057
4.3309
0.6053
2.0514
5.0873
1.6611
1.7425
8.1921
1.8838
4.9489
4.3475
1.6597
1.2309
0.43571
29.271
1.6443
2.2906
5.6431
0.77609
1.5378
2.9675
3.1791
4.3141
3.2311
6.8256
1.3658
9.6829
0.70152
3.8239
18.358
2.9446
0.53826
2.7765
2.6019
3.1142
9.7616
0.62829
2.8624
0.89273
7.3714
8.3885
12.781
2.1279
6.2032
1.545
2.0112
1.4051
0.1299
2.0396
19.118
3.0315
1.1215
7.7739
1.0859
0.44862
4.9057
2.0723
0.8633
0.74594
2.9187
0.54852
0.88828
3.3835
0.8936
1.145
4.827
1.9616
4.8376
6.9227
2.7481
5.5213
15.842
1.5553
1.9951
15.125
0.59872
0.69751
0.52805
0.78236
4.908
3.1589
22.155
15.621
7.3511
0.76827
3.6466
2.4308
1.8927
1.5412
4.1563
2.056
3.697
3.3354
2.7732
8.9907
1.8802
3.5126
1.6629
12.442
0.32245
3.7453
0.19671
3.7927
15.137
1.4693
1.4023
1.6968
1.1537
0.51599
1.4552
6.8369
3.9271
4.0249
12.476
1.4097
7.7579
3.7474
2.1157
3.7118
3.4839
13.467
1.3765
3.8707
7.0434
1.4672
7.6431
7.2197
3.6327
1.2906
2.2966
2.1424
2.2248
6.4689
0.15828
1.1486
5.0036
10.449
0.61083
0.78889
7.2951
5.5302
1.2807
5.031
0.79865
4.717
3.3173
7.5795
2.4673
6.0234
1.0222
2.4256
2.3376
1.635
3.4769
10.971
3.0549
1.3935
0.50427
1.0273
2.8473
0.4416
0.58833
14.717
0.42815
1.0309
7.8223
5.7093
1.4585
2.8415
5.118
1.4658
9.8474
1.1185
1.9141
4.6171
0.95352
3.1026
1.6781
2.2512
0.81609
1.3991
9.7788
1.1579
1.732
1.1771
0.53637
10.673
0.78376
0.69753
6.8992
2.6901
31.874
15.013
0.79858
5.8309
11.192
3.0508
2.164
2.0049
1.7451
4.4575
1.631
44.972
1.6092
9.9415
4.4016
8.6533
3.2685
6.1064
4.4365
4.4602
1.1129
2.693
12.557
3.3776
2.3864
3.7442
3.8344
20.58
4.7735
5.0705
1.1102
2.4318
9.8444
0.80843
18.403
4.2637
2.2288
13.01
1.0515
9.059
1.6217
4.1493
1.9213
0.75552
1.5273
2.206
0.39484
6.3533
5.7991
0.31995
1.7691
1.3511
0.80404
1.9208
1.8087
19.399
0.91174
2.415
8.2016
1.233
2.8377
1.8056
14.169
5.7696
8.3488
2.5242
6.965
2.5377
0.45839
2.9506
12.104
1.674
15.652
0.78396
0.90559
2.9802
3.9912
2.085
3.9792
1.3265
2.1636
1.5577
2.5952
13.577
10.526
2.9706
3.3735
7.8413
1.7689
4.0201
3.1159
2.3138
1.912
1.0199
4.5233
6.9317
0.98269
0.45283
2.8515
30.484
3.3523
13.906
0.96414
7.8314
0.3209
1.324
3.399
5.0779
1.0791
22.504
0.57508
3.2401
3.4972
2.2656
1.9123
1.2364
3.636
2.4853
0.5584
15.908
0.92273
0.92026
2.9493
1.8924
1.246
1.1615
2.831
0.25477
1.4066
1.9778
2.0493
1.4823
1.107
12.514
0.67465
8.4656
0.72089
0.86845
4.3502
0.94999
11.981
5.3394
1.9897
9.4386
1.6731
4.3571
0.85243
3.8961
1.2076
1.0697
2.291
1.7425
3.2157
1.7117
4.8789
2.5058
5.9109
17.189
3.4417
2.5225
1.0381
2.9503
5.4594
2.2169
1.0145
1.4518
4.2578
1.7143
2.0389
6.9419
6.5405
1.67
7.6821
4.1528
7.5541
9.626
3.5663
1.9918
1.3701
2.2126
5.3965
2.6658
0.47608
6.5838
4.1353
0.63517
6.6226
1.286
11.583
3.9166
12.532
1.4167
4.903
0.2512
0.41044
0.99828
11.1
4.7319
3.1942
0.32117
9.8237
2.1507
3.6949
1.2833
1.5559
4.0297
4.7396
2.5983
8.6191
1.1527
7.0494
7.5527
0.64254
2.927
0.73515
1.7015
17.554
36.147
6.4619
12.706
1.8908
3.6506
30.955
5.9751
7.73
10.693
1.1357
1.8393
15.596
8.9232
2.9169
4.1853
8.6403
8.7317
7.3154
1.6161
8.5517
15.595
19.427
5.749
3.5981
20.913
1.2751
3.7009
2.3359
2.9431
3.2168
0.97656
11.679
0.86321
0.88904
1.1451
1.9273
0.58352
4.3809
7.6642
7.2653
2.463
0.40147
0.95573
0.61196
3.3415
1.3643
5.6513
9.2896
1.0821
1.6027
2.2178
3.75
2.1927
1.0759
0.65039
11.807
0.93995
9.4544
1.8789
10.689
1.0692
0.45405
8.4619
23.046
4.0686
0.74869
18.038
2.2585
11.388
1.2719
1.9154
4.4487
4.7976
17.156
37.421
1.0588
9.1666
7.1338
9.3466
10.785
1.0037
8.9805
11.353
11.719
0.51913
1.4856
3.1858
0.53989
2.7741
16.235
1.8257
1.2237
1.2883
1.9427
4.6955
0.77084
1.6951
1.8605
7.2252
6.6352
3.2316
2.2866
2.5349
1.6099
3.6029
9.4322
3.7629
5.7605
2.3788
0.722
1.1031
8.9823
9.5045
3.3397
0.56747
0.18533
4.2702
6.3685
2.2028
3.4687
4.0895
0.72884
3.7455
0.65917
6.7762
1.6888
4.3639
13.096
3.3117
11.348
4.4283
5.2032
5.9399
4.7485
0.44592
19.04
5.9907
0.68896
1.0138
7.5987
1.7646
0.91259
8.0337
1.4991
3.6396
5.1642
1.6819
4.1443
2.0553
0.83396
0.32843
8.9127
4.8206
3.6271
9.1358
0.89756
12.598
6.207
7.1173
1.24
11.448
1.458
6.9139
1.7006
2.4169
1.2986
3.1622
1.9874
4.2964
4.1964
3.1947
2.3251
6.712
2.544
2.3521
3.2485
2.0927
3.9197
0.60345
1.5072
1.5097
3.3985
1.3547
2.7728
0.3438
6.4804
2.3256
4.1511
0.67646
1.3543
5.2538
1.5258
7.9339
5.303
2.4489
1.5582
0.43797
2.8702
1.2259
1.646
5.2895
2.6926
0.26579
9.2687
2.179
4.1579
4.4908
2.0195
13.071
4.8577
1.6976
0.65684
5.3419
1.4169
2.3443
0.82618
5.4012
7.5353
11.511
2.5757
1.1645
4.4371
2.1473
8.5393
15.319
2.5462
1.0169
4.3346
7.0169
2.4677
2.8638
5.8187
5.1676
3.9635
2.3257
0.36331
6.5584
1.5315
3.5027
2.9686
4.1472
5.0995
1.6268
0.92033
10.574
2.6449
1.5152
8.2029
1.5997
2.1759
4.5411
0.73169
8.0447
0.84137
0.72847
2.6277
2.3922
7.2066
1.8747
0.60805
4.9482
4.9474
2.8118
15.554
11.363
4.7081
2.4579
0.95461
3.6292
12.288
7.4173
1.2544
0.48757
2.8353
8.1527
1.5357
5.9962
5.016
5.5981
0.68151
4.787
2.3595
2.496
2.9562
1.2328
0.71791
1.2993
25.685
1.5867
3.5322
13.444
1.0413
2.3102
1.1669
1.4479
6.3461
0.60951
3.3037
5.174
3.2695
2.9867
1.2561
10.352
3.1407
4.6862
2.5331
2.9147
5.0352
0.73468
16.954
1.9596
0.49229
1.27
6.1851
14.572
12.954
3.6302
1.8064
2.7531
4.9996
5.1893
1.3285
0.98103
0.25665
1.0101
7.5164
0.47333
5.5191
6.2209
3.4803
5.144
1.1674
2.6374
2.9322
0.58017
12.863
2.1536
3.0562
4.3531
2.9479
4.9812
1.5271
9.9829
1.7014
0.29841
3.0205
2.0804
3.1149
1.7641
8.4433
9.508
14.773
3.7871
0.6177
2.282
7.044
5.998
3.1054
1.3049
3.4466
5.6922
4.909
1.0609
3.3173
1.8667
16.324
1.5616
2.1059
0.43083
2.7848
2.8351
1.6574
2.1549
11.514
1.5029
7.0767
3.2115
7.0751
3.3613
2.1934
4.5799
0.76088
1.5349
20.29
5.2419
2.8348
6.3408
6.8822
1.6089
0.98002
1.3435
7.2713
4.0346
0.78859
2.1157
4.5316
0.4958
3.2205
0.50781
1.4301
3.9259
1.1879
3.5583
1.9545
2.4428
3.0378
3.9923
2.1833
0.7274
1.9755
1.5303
3.2977
2.5115
16.62
1.1346
15.553
4.5141
3.2156
6.1955
3.9274
3.3597
4.1099
1.0009
2.5252
6.9397
1.9392
1.1425
1.08
2.9016
3.4053
0.41274
6.0854
0.99281
1.617
7.2615
1.8703
1.7208
0.75387
3.6227
3.5452
3.2674
2.6423
3.2815
3.0438
2.1354
24.003
3.834
0.94078
5.1945
3.3607
1.9621
2.1949
4.6688
1.4686
1.7424
2.4594
2.3237
1.4281
1.4189
3.1718
2.5428
1.2684
2.2201
2.5771
4.7784
19.65
1.7821
4.4891
2.2882
4.3389
3.3083
3.2478
2.3455
6.3503
1.6431
8.8428
5.4083
0.8155
7.2237
0.97514
2.8532
0.84865
3.022
1.4905
1.9119
2.185
4.9699
6.3254
5.4721
7.9906
7.7155
1.5872
5.4822
14.445
9.1619
4.7663
1.2302
2.3449
13.903
0.40471
0.98704
6.5753
1.2255
2.2407
3.2663
4.8425
2.7929
1.3404
2.5346
1.218
5.7716
0.598
1.6251
2.4791
8.8283
1.1055
1.5647
0.40309
1.7728
10.638
1.567
0.18841
0.75995
0.27232
1.2139
1.866
1.4084
1.7923
1.8189
1.0028
1.1185
1.7833
5.8798
4.2708
9.4618
3.0796
0.17195
8.7534
14.501
11.999
2.8775
2.3105
4.3847
1.929
8.5134
1.4748
1.3677
0.91041
2.0547
2.9655
5.8173
6.3899
10.279
1.159
6.6174
2.435
6.1822
17.391
0.8015
6.5533
1.7996
1.8445
15.248
3.7382
5.1889
1.9932
1.034
12.704
1.2228
0.3376
1.0938
7.6339
0.93423
2.8037
1.482
2.7042
3.6909
3.7937
1.2055
18.011
2.1692
2.4634
4.8758
0.63972
0.80597
21.62
1.6113
2.6804
0.12648
3.5549
5.5064
0.90039
3.0981
3.6854
4.6395
4.2154
1.8326
7.9138
1.3989
1.9752
7.2887
1.7167
2.9802
5.9564
6.8878
1.556
5.9505
2.075
11.469
4.5954
1.3885
3.4364
1.5089
3.1386
3.8961
3.6303
2.5914
1.2492
15.516
0.58167
2.7747
0.6573
0.74456
5.9939
5.6907
0.52635
2.6686
6.4788
1.8265
1.4271
6.0866
0.90556
15.353
2.4747
2.9778
3.4316
27.657
15.854
1.0984
2.2744
5.3075
9.5547
1.2947
1.1803
7.4094
0.69921
1.553
0.96196
23.742
1.0136
0.96302
4.2674
2.6279
1.2226
1.657
1.6719
1.6679
30.786
6.6597
3.3496
3.6246
2.9359
3.3264
5.1603
8.7525
2.4593
4.1399
1.6219
4.9106
1.2056
0.72846
3.2172
5.9038
1.4137
1.8103
12.18
1.2899
3.8697
0.87933
9.9044
0.54099
5.7856
2.1606
2.4337
1.2353
4.6973
11.667
2.4679
1.3642
7.1849
2.5557
1.2963
5.2796
7.7034
1.5343
1.057
1.7774
1.7222
1.6662
3.9785
4.3982
3.4303
1.6025
2.7736
3.3219
11.079
1.5565
0.87823
7.9907
14.747
1.7897
0.8916
2.0667
0.54433
1.707
12.235
1.0065
1.128
1.0028
3.6002
0.99027
27.808
8.9542
2.9285
6.0493
2.3631
4.1221
4.1015
3.346
2.9383
0.74406
4.0749
0.78737
5.6324
3.2964
1.0739
3.0918
1.8446
3.1012
11.295
1.517
1.328
1.8681
1.4152
6.204
3.042
3.7882
1.137
2.4646
1.5354
9.327
7.4407
1.6687
6.3559
2.67
1.6241
1.0041
1.7493
3.9724
2.9597
2.9891
3.2329
2.1944
32.187
1.3868
1.5349
7.3301
4.5081
2.0095
10.077
1.9388
5.6004
1.7845
1.689
3.9161
1.2792
1.8579
0.60728
5.4984
3.6773
1.3635
17.825
0.67838
6.83
3.9674
4.6431
1.9792
2.097
3.5175
13.555
2.7259
2.3214
1.0062
0.39247
9.4979
3.5051
4.7188
20.903
1.5932
3.1508
0.98129
2.0458
0.80136
10.171
1.7534
14.231
4.5967
6.1142
5.8206
1.3412
11.464
1.8628
2.0434
1.5637
0.92457
0.7109
0.63157
4.2231
2.5905
2.2955
1.2893
2.6561
0.42953
8.3065
1.0438
7.3596
0.82495
0.36945
1.5025
9.2469
19.058
1.0122
0.7351
7.9634
1.1176
2.9836
3.009
5.727
2.5673
0.62153
0.5984
10.53
25.158
6.0376
2.6113
2.1865
0.96402
0.45246
3.6937
3.0559
2.0274
1.1229
0.89936
2.4335
4.0578
6.6898
1.4279
2.3355
4.7295
10.37
0.90001
12.548
0.73637
4.1057
0.85867
1.8591
2.5635
7.5101
2.2433
3.1597
2.1011
1.5421
1.5187
2.5952
2.579
2.2553
4.9038
2.368
1.9151
4.0177
2.2675
5.9038
1.9322
0.92433
0.83685
0.82404
0.69796
4.5724
1.8908
13.346
1.248
0.23636
7.1364
1.2098
2.1921
5.156
0.86827
6.6104
1.6353
1.1324
3.6929
1.0392
2.2276
2.7319
6.1734
2.6902
1.4284
3.2414
2.3811
33.003
44.603
1.0853
60.614
2.8872
6.9307
1.9665
0.84845
1.3709
2.4916
6.1331
3.252
2.5428
5.9754
6.4866
6.4274
7.6559
5.8791
3.5731
2.5982
0.58437
1.0026
1.6492
1.2255
8.94
2.8401
5.7408
3.886
1.1542
5.0123
11.288
3.7786
6.167
6.0322
3.7456
11.559
2.4219
1.0117
2.8393
0.41655
1.6371
3.576
1.4832
0.46102
4.0486
3.48
3.6665
1.0408
1.261
30.816
1.2392
0.63536
4.6928
2.8205
4.3848
8.8736
23.157
1.5331
79.048
1.5288
35.378
7.1519
9.6909
0.70119
0.45671
0.59959
7.6835
1.5034
3.7753
5.5867
11.901
0.8666
5.2622
4.5065
3.1919
6.1903
1.9449
11.563
2.736
1.8565
2.2771
2.3667
6.8888
1.5915
7.5863
0.72624
1.7734
2.3969
0.792
0.69062
2.3425
2.4803
5.7495
0.52224
3.0611
1.1366
6.1173
9.2554
9.1884
17.613
4.1529
14.59
0.75805
0.99151
12.114
9.6884
6.8164
6.0808
4.1071
5.1972
3.6324
20.883
2.8535
4.0578
6.272
1.5949
3.8803
0.89995
5.5235
1.0275
3.7116
11.101
1.2389
1.9301
1.9509
0.58727
7.9636
0.7139
3.3938
1.9955
1.602
0.65833
0.59791
8.8486
1.9369
1.5226
2.4712
3.1025
2.5388
3.2595
3.8892
4.0297
0.93059
4.7387
1.4058
3.6693
0.75438
1.257
1.7672
1.8449
3.4248
6.3701
1.8501
2.6863
6.4646
0.91009
0.78685
6.5116
2.3814
1.9689
5.5237
1.9375
4.2929
1.0809
10.422
8.8582
6.1387
3.3518
3.9333
0.46191
0.8209
2.764
7.9247
15.172
9.8662
5.2337
1.4225
1.1927
1.7887
0.23818
2.079
25.298
18.16
12.398
3.2982
2.7209
1.8313
1.2881
1.1686
1.1718
1.5465
1.6931
2.659
2.1184
2.5144
14.238
4.6201
0.45571
0.95782
0.86232
4.7014
0.70764
3.3797
1.0417
0.90762
0.62716
10.994
1.0306
8.8305
12.392
4.5608
5.3323
0.96563
4.1362
5.268
1.0335
3.0521
1.213
3.5979
1.9727
1.879
4.4077
1.0187
9.1282
7.1592
3.7175
6.4245
0.71309
0.11129
12.241
9.4674
1.4045
5.7732
2.2557
5.0807
9.1739
0.89116
10.879
2.4105
0.39596
7.5076
2.719
1.3124
1.557
1.0635
1.4848
1.6714
4.7839
0.89042
2.2036
8.5439
6.4791
57.875
3.6834
1.2087
1.6936
5.9686
0.75701
1.6798
2.9879
3.648
2.9088
5.5129
2.7907
2.3576
7.1965
2.5053
3.7071
8.0686
14.558
13.382
2.1112
1.1515
4.1019
10.303
13.633
3.5654
0.92925
1.2448
1.2911
1.6093
0.75451
10.023
1.4691
0.95464
1.5935
1.6966
1.7826
1.54
1.0187
2.2442
2.1131
6.5391
26.152
1.7012
3.0466
2.2757
3.4713
2.1705
1.3464
2.4379
3.2144
1.5129
1.1846
1.8548
0.83849
3.5063
3.5558
5.289
11.871
4.9871
4.5647
14.306
2.8887
5.4371
3.5668
5.6647
4.3149
2.8655
3.4442
0.53075
7.5633
3.2079
1.1937
6.726
0.61889
12.089
5.4898
0.81135
2.0137
3.7894
11.454
1.1764
9.3604
0.28248
3.3912
3.6912
2.1994
0.72794
2.6036
1.8395
2.58
5.0389
1.5056
3.4171
1.0583
1.0508
3.4156
2.5622
2.3924
1.1231
1.9107
2.8883
0.32093
3.7755
60.486
1.3574
0.22187
0.39991
3.695
0.60788
4.7209
1.0577
9.5088
11.85
4.7341
2.3927
2.8233
5.4438
3.0488
1.5152
5.0549
30.544
5.16
12.844
3.9843
9.2323
2.3512
3.1027
1.8299
1.7281
17.359
2.4121
4.4622
3.1561
2.2839
2.6564
0.77456
10.323
4.616
1.0634
1.755
2.877
2.6874
5.4586
3.4056
0.71911
1.4179
0.67073
14.436
3.7944
2.1694
1.9186
2.4671
6.1882
1.4641
1.0705
2.8812
2.677
2.2171
0.72458
1.7555
5.3637
10.902
7.5505
2.0599
3.1411
1.0713
8.699
11.561
3.2408
0.9854
3.205
3.5136
1.8495
9.3033
0.95764
32.621
1.442
3.3953
8.482
2.0408
6.0461
5.4724
3.5551
4.8094
0.94728
1.1794
1.8269
11.468
8.3251
0.25984
60.755
5.0175
2.0278
1.5224
1.2669
1.0857
2.2846
3.4832
5.7119
1.8989
27.056
0.75028
4.7104
2.1662
1.6863
4.6809
0.80169
1.6454
3.9932
0.45016
2.8961
7.8844
3.9074
3.3037
4.3075
0.84223
0.76171
7.1608
0.53309
1.7047
1.7675
10.294
0.41041
2.0048
1.5575
1.5456
7.0069
0.87553
6.7634
3.0689
4.7917
2.221
2.3561
0.9086
3.2184
4.159
1.9707
9.5958
2.6035
2.6983
2.0952
1.5952
3.8787
1.175
1.1504
2.6064
16.032
2.2138
1.912
1.3387
7.6729
16.754
0.59951
1.9888
0.94682
9.878
1.014
1.3905
1.7485
5.2731
2.3958
1.3948
6.5277
12.963
2.499
10.612
3.9786
3.8455
0.65203
0.80025
6.0524
1.6707
17.246
5.9932
1.4212
1.4849
0.55473
4.6703
1.4478
2.0247
5.1674
5.6112
0.83072
0.73604
0.2656
6.1423
6.8995
0.55018
2.1851
3.4682
2.034
0.24175
2.0204
4.2127
9.8819
2.9645
1.4652
6.0596
3.1592
8.5597
1.1338
0.36169
14.762
1.4105
3.3422
1.2242
2.3254
3.2443
10.128
0.50774
38.564
8.1991
1.1527
1.0759
1.0419
1.4255
1.9094
2.0036
0.83881
1.8529
16.549
2.1185
0.33112
3.1301
3.5055
1.944
1.7734
6.9944
0.31569
2.4972
4.236
0.86665
0.94892
1.3287
2.8586
5.9067
10.959
4.8045
9.4916
1.5104
9.5223
1.2587
0.72686
1.0238
1.9096
1.8414
2.8462
3.0948
0.91605
1.0489
3.1703
1.2656
2.1565
1.8888
1.3065
5.183
3.13
3.0898
11.012
9.676
3.0055
16.665
2.2537
7.7814
10.769
6.1459
0.82335
2.0604
12.412
1.5874
3.3558
6.1543
23.522
5.4026
8.8625
2.6316
9.7063
20.658
0.80215
0.86071
2.6496
2.6743
0.61784
2.4952
1.2636
1.9186
1.7287
1.035
4.2076
3.7235
2.6425
0.98564
9.3012
0.85228
1.7793
5.7337
0.67137
7.2851
18.375
0.39865
0.88412
0.61472
2.2407
10.355
2.5705
7.6204
4.758
3.294
1.0599
5.1262
2.5521
4.5804
2.7511
1.1708
3.5919
1.3969
0.45539
1.8134
0.60023
5.192
0.72618
2.4456
5.0446
1.9317
1.0584
1.0545
15.448
1.6219
4.5323
3.4516
1.1602
1.4499
29.26
13.562
9.0513
5.2763
3.9098
1.1833
3.4179
1.8521
1.8689
6.543
2.4907
1.1714
7.3641
2.9041
5.1138
1.7516
5.4235
0.61914
1.1977
0.40067
0.85937
4.3852
1.0174
0.87071
2.2643
7.3626
0.58296
5.0992
4.2588
5.0919
0.26255
4.392
2.5707
0.39708
14.805
2.9327
0.13226
4.7553
9.6407
2.1185
4.7468
23.828
2.4017
1.1571
1.7818
2.5363
0.76586
2.9656
10.37
5.4245
5.0232
7.7755
0.50695
1.3378
1.3487
0.71609
7.7363
3.9862
0.65856
0.99034
0.24388
1.1971
2.2435
2.6356
0.23141
4.4953
3.961
1.6607
1.4514
1.4606
2.8332
12.221
1.884
3.4359
7.7594
2.0019
1.7315
1.5305
1.5648
14.478
1.2546
1.9913
1.155
5.5491
2.4026
5.3154
6.9793
7.6915
8.5521
2.1583
4.6313
7.0464
2.1055
2.561
0.43742
4.0908
5.2448
1.3196
0.3987
2.1718
7.7888
1.8025
3.7304
1.0093
5.1708
12.207
5.8808
2.013
3.1801
10.764
1.5525
2.2852
1.4797
3.1423
5.7591
0.88744
0.82699
8.3222
3.2574
5.4264
4.6074
0.69912
2.8598
1.9894
2.8234
2.3998
8.9442
2.2303
3.0396
0.63037
2.7676
1.2588
13.771
3.0636
0.30177
2.5489
9.6418
6.8759
0.57948
1.8421
2.552
1.0548
4.2924
0.42488
4.8168
2.8785
3.7935
3.7429
0.53723
1.9967
0.12337
6.3321
4.0656
3.0044
1.9782
1.7915
7.4324
4.8688
0.61816
1.1399
2.303
0.48913
1.7645
1.5844
4.7406
12.222
5.0477
1.0762
1.0191
3.2656
3.9746
0.49329
5.233
2.1196
5.7909
3.5823
57.375
1.2557
1.8403
0.87306
4.3489
3.1262
1.5464
2.9475
4.6564
1.3523
7.2234
0.73794
0.82488
9.627
2.2931
2.651
1.5446
2.4775
0.25899
3.5658
1.2878
4.4001
6.9256
4.049
3.8559
4.8508
3.5183
4.7189
4.2296
2.4636
1.0422
0.77521
0.91729
5.5841
0.30984
3.7009
3.5737
1.5018
0.31713
0.84646
18.717
1.1328
0.19045
10.278
11.738
1.6026
1.7196
2.1909
1.3752
2.0815
3.239
7.7256
12.137
2.212
7.7453
11.419
2.0855
1.4327
0.7552
1.1366
0.45357
5.5515
0.32014
4.1595
8.9255
3.2741
8.5988
0.76876
3.0548
3.4666
3.1598
3.5468
2.6013
2.7048
2.0532
2.3178
1.4137
3.7161
1.3711
2.48
2.9954
5.0989
2.1978
1.0601
0.34747
3.9848
1.4035
9.4779
1.854
52.032
2.7066
1.1453
2.9087
8.1098
0.62205
2.0236
5.971
12.4
6.2902
0.87203
11.77
3.6055
10.924
5.8224
0.85318
1.1671
2.365
0.91951
19.373
5.5141
7.4183
0.79128
6.3731
1.1929
3.9051
5.3653
1.1861
4.4197
2.6245
2.9988
2.2314
1.1798
4.329
4.6805
0.49555
13.255
4.5707
3.884
1.9558
0.85593
1.5986
34.598
1.1951
4.0744
1.1434
1.1821
1.6192
0.88707
3.7046
0.51572
1.2875
6.3174
3.6315
1.4766
2.8437
4.6341
2.251
4.8365
3.4517
3.552
4.4364
1.5565
2.6388
2.0795
2.6526
3.102
5.0259
19.646
3.8035
0.37948
1.3661
0.83876
2.032
2.4899
1.3288
2.059
1.6881
1.9434
1.9622
2.442
3.3612
1.882
0.95999
0.090046
2.8432
1.6932
4.2051
0.29207
0.77392
0.61909
3.4313
4.4333
4.6159
4.5497
6.2574
0.76321
17.156
3.0148
0.84348
2.1411
0.8996
4.1721
1.3416
4.9815
1.786
0.47005
1.8201
3.2935
2.9068
2.1994
2.9575
7.7686
1.7535
0.52339
16.698
1.3202
0.7497
1.7112
1.0779
1.6564
16.22
4.4181
3.416
19.278
1.1493
0.77248
0.51383
1.248
2.1067
0.52339
1.5715
0.45866
0.42768
1.5727
1.4449
2.3544
15.762
4.8717
1.9493
1.5853
4.7823
2.748
2.0221
4.653
1.1878
2.2414
3.212
2.8624
2.1643
5.8884
1.855
10.523
1.5616
3.9242
6.1408
2.5852
3.6457
2.6914
1.2153
1.5754
3.6624
0.9406
5.5423
1.0351
2.3837
7.635
3.3013
15.829
1.3172
1.9522
1.8842
1.1129
1.7624
6.53
0.4524
2.4114
0.59411
6.4634
2.5319
4.3413
0.66562
4.1064
0.52217
1.2713
2.6224
23.594
3.5456
2.9696
0.49243
1.7745
3.9428
0.83149
5.766
33.229
2.7414
1.9137
5.1797
2.485
8.5409
3.2544
4.2556
5.1632
5.9144
0.41524
3.2586
28.288
2.1497
31.085
0.24518
0.87471
1.0093
2.322
5.0031
2.5483
1.9029
0.279
5.363
1.0167
4.2817
5.2858
4.097
0.77379
4.1032
9.375
0.99831
6.2893
3.6079
0.8585
1.6295
0.92194
1.0127
1.2621
8.4913
4.8525
8.4013
2.5505
0.82559
8.9154
1.6603
1.0968
13.4
1.1115
3.2141
2.3871
8.4514
10.261
1.0991
0.77951
2.6647
2.9382
1.1768
10.088
11.316
2.5095
2.2492
2.7909
3.3212
0.7521
3.1881
14.694
9.106
1.6532
1.9702
1.7962
3.7853
5.5965
4.3603
0.42051
1.284
1.6858
1.805
2.8384
3.1263
2.9886
0.39359
0.62139
1.5585
3.9494
1.363
17.56
0.74655
3.4742
11.561
5.894
6.6171
1.9023
1.2498
2.0202
4.124
2.0492
4.2616
1.1193
3.3333
0.59625
0.73184
2.8911
3.3222
1.9275
0.29647
7.0839
0.14475
1.774
5.2285
1.4675
2.4763
1.6127
0.72031
47.4
3.5653
3.0468
2.3293
21.128
5.8913
3.686
1.936
4.2635
3.9209
7.6406
1.0386
24.033
6.2135
7.6635
9.2497
3.0934
4.0654
5.9777
0.44414
2.512
1.0553
2.76
10.65
3.2873
9.4552
7.4577
2.6546
2.8008
6.9444
18.872
9.8876
8.1382
4.0064
0.84562
8.5544
2.1487
2.0843
1.6392
2.0367
0.66824
2.2888
2.0101
5.7714
9.2967
1.2145
5.7707
0.576
5.3599
0.70665
9.5744
7.4481
4.8487
1.997
1.321
11.785
0.91557
1.2963
3.8084
4.6889
0.6867
1.912
2.5044
0.64074
1.3659
5.7879
1.9665
6.0357
4.7308
0.39541
10.793
3.56
2.8466
1.4635
5.7411
1.0642
5.1487
2.5646
9.736
4.3696
3.4363
0.64148
2.5774
24.011
3.1296
42.497
32.746
2.0412
0.97953
0.68713
33.047
1.9491
2.6233
0.70347
7.3892
1.7167
3.9075
0.98129
0.93955
1.2227
1.7303
0.2841
13.356
1.9688
9.8531
0.84481
34.097
28.25
2.0891
3.5745
0.78595
1.9479
3.5468
4.1707
6.3245
0.69008
2.5241
1.8798
9.5125
12.247
6.0184
6.2102
0.5493
3.3595
3.6576
5.9824
0.98429
3.297
2.5311
4.8961
6.0531
34.659
3.1451
4.3239
2.9556
7.1701
0.65436
1.4997
3.4983
0.85924
8.9876
4.2584
5.0253
0.71636
4.8976
2.1681
2.0058
2.5513
37.169
4.0364
2.945
1.298
2.6231
0.86141
1.973
1.0087
6.5747
0.37602
1.2054
0.98615
0.81648
0.87122
6.4379
2.7879
10.225
6.2657
4.0563
0.70334
2.6062
2.6895
3.2467
2.4875
2.8659
1.4536
6.2577
10.625
0.3888
2.1045
1.4176
0.6201
3.9253
12.393
2.8196
2.9417
0.99922
9.5215
12.187
1.0031
5.7372
4.1398
9.4965
0.71696
2.3705
12.394
5.5611
2.333
2.1634
2.9349
8.5286
0.58617
2.9796
4.4787
13.135
2.1662
0.78957
1.5326
1.8711
1.8295
3.587
0.68372
7.8314
1.5763
3.1533
2.3031
5.2064
0.92394
12.874
2.8827
2.5207
12.817
6.2258
0.77538
0.55431
1.4689
2.6627
8.9297
0.45775
9.9366
10.034
1.7762
1.3444
2.0372
5.5279
2.7554
0.97696
0.59375
2.5141
7.451
2.2167
6.4892
2.3322
1.3054
0.57741
14.076
3.0203
1.3374
0.56709
4.0481
0.2697
1.3871
2.6836
11.55
3.0877
2.7258
6.4646
7.9099
6.6535
1.9491
3.7901
0.46528
1.2763
21.095
1.9211
3.8162
16.622
4.4676
2.9116
1.1404
1.6148
0.90315
9.676
4.345
5.6122
1.6051
2.1316
7.6692
2.305
0.4043
1.424
3.8858
2.1844
4.221
0.56993
1.2689
3.9798
1.875
3.0789
7.2845
4.1634
19.428
3.7485
1.127
1.713
2.6058
0.20155
9.0853
3.4683
5.858
15.464
8.0869
0.73188
3.9911
4.0865
2.7
9.1595
3.8021
0.49212
0.85535
3.2277
1.5469
11.131
1.7435
1.0133
1.2762
8.2942
4.5137
0.619
2.8039
2.632
3.4239
0.39955
2.5777
1.5432
1.861
17.637
1.6873
2.9808
2.6309
13.612
10.128
2.3339
0.23027
3.4525
5.5538
1.9944
6.2986
3.0782
7.1215
0.4142
3.5403
4.6599
2.9556
5.7995
5.7347
4.5236
6.4218
5.8415
4.9647
7.3293
4.2405
0.80375
2.0708
4.516
2.07
5.9291
5.16
0.97054
0.30875
6.3873
4.0628
4.5368
24.288
5.6374
6.3072
0.74828
2.7715
1.8211
3.7997
7.0452
8.6509
4.5528
3.3001
5.8926
5.7981
7.2213
0.50195
6.4442
8.3032
2.0748
1.3752
2.0114
4.0269
3.1143
4.9179
1.3199
3.293
1.0714
3.3731
15.147
2.2268
2.2229
0.56912
0.24621
36.793
3.5601
1.726
1.1589
10.922
3.1627
0.59133
1.7862
1.3873
2.3944
16.314
5.3051
2.3224
4.0024
1.0273
7.6233
3.05
5.7218
2.0017
2.0168
7.5923
13.292
19.061
0.96013
3.1098
2.0662
19.235
3.3702
1.2223
1.1892
1.801
5.1576
14.723
6.9099
10.355
0.60073
1.0952
1.6892
2.4156
6.015
3.5163
12.28
1.572
6.7608
7.1935
0.86375
11.767
2.7546
2.5185
2.1915
0.69502
12.812
8.064
1.7932
2.1211
12.662
2.8709
0.39565
3.3641
2.4717
4.1136
2.5563
0.16382
1.0393
5.6817
1.3337
0.54029
1.0688
6.2365
8.4935
0.95172
5.9592
0.90696
2.0969
23.719
1.9702
14.73
1.5438
3.1579
1.0179
0.12334
1.0551
0.40466
2.7846
1.0322
10.239
12.008
0.91691
5.1336
16.489
6.3478
0.87169
3.7338
1.4385
2.2395
0.45184
1.7602
2.7392
6.6405
6.0004
2.5417
2.9142
36.573
1.2712
4.5941
4.1271
14.437
9.7467
1.3723
3.6029
4.4764
5.0717
34.183
2.2289
0.39323
3.1383
3.0188
7.7484
1.2455
1.0752
2.861
8.5859
5.7759
0.39858
2.3474
3.5096
6.4357
1.6864
0.73126
4.8485
0.74961
1.3327
1.3594
2.8612
0.888
0.94059
1.7567
4.2404
4.0824
0.46804
2.6914
5.707
0.54008
2.7246
9.3118
0.83031
0.57475
14.933
5.177
0.87383
4.0156
0.42331
3.8674
3.9295
1.8512
1.3958
2.4971
4.3484
0.99651
5.8104
7.7752
5.4573
6.0272
6.5701
2.194
0.2268
1.3823
2.8976
44.816
1.9784
2.2116
3.9135
0.53738
1.0952
2.4693
15.511
13.956
7.7317
1.342
1.555
2.8595
0.73157
7.0295
4.5716
3.8454
11.012
5.0779
5.2061
6.1126
3.6983
27.788
2.7292
2.0816
0.28129
1.0533
3.2129
1.2016
2.8213
0.74901
0.90176
1.7973
2.2714
12.461
2.8688
0.63363
2.6167
26.582
1.2209
2.7932
1.4745
1.5052
2.2736
4.4357
4.7884
0.78311
2.6706
1.1645
0.55502
1.7769
7.396
2.4605
1.9471
1.3141
2.1699
2.0227
2.363
1.5468
0.37285
1.7309
1.9468
4.7575
1.9803
0.35292
2.3483
0.89764
0.67204
2.9129
2.9482
1.584
1.301
3.6582
0.65865
32.394
2.8529
0.69722
5.5668
0.47258
12.301
12.802
6.693
2.0187
0.62847
6.5481
2.6909
15.079
2.0044
2.9484
2.8261
1.476
1.3211
21.939
4.3002
15.03
0.39925
6.782
4.2493
4.8097
1.7878
4.1868
1.3254
0.55952
1.8504
1.728
1.954
4.5912
0.39924
6.8208
2.0826
3.8175
8.5996
2.4977
3.3916
1.7319
0.29235
1.9763
2.2108
3.9283
1.4425
1.343
0.60704
5.8048
0.96648
5.5579
7.224
7.3979
1.3259
8.6638
1.7502
18.814
1.303
2.005
1.7797
1.044
1.4946
3.4273
3.241
3.8552
3.8649
6.1218
0.52229
6.4687
2.0501
0.82076
1.0815
11.431
2.1761
18.83
5.2712
1.4751
1.1041
1.3989
0.94904
1.7991
1.7337
1.6776
8.8747
5.1015
6.6266
1.8577
1.3788
3.0321
4.3577
6.1746
2.2569
1.8922
1.7757
7.9724
6.7934
3.5267
0.37641
10.107
1.8315
6.2288
3.2538
0.77422
1.9881
8.8113
14.248
3.7755
5.4249
14.349
16.421
5.7175
1.1716
1.0845
0.97059
1.1941
11.904
4.8943
10.25
12.474
1.7483
0.36122
2.5673
1.5934
9.6897
2.2001
3.5904
3.3536
3.4452
2.1341
0.60627
3.4057
0.26508
2.1803
1.2337
1.2786
6.8581
19.629
2.4405
10.369
2.5233
12.191
0.33953
0.70474
8.2574
1.5958
6.783
1.2214
0.25696
19.392
15.827
2.9431
2.4603
2.4465
2.7191
4.0646
2.3568
9.3405
2.8311
2.9185
0.97408
2.065
1.4301
22.024
1.7763
0.99939
0.67843
4.6222
3.0259
0.92478
1.9426
5.7713
13.513
9.4372
1.5538
5.2054
2.3343
3.3424
2.915
2.337
0.43991
2.9101
4.601
1.9517
2.9318
3.8582
2.1181
14.589
8.196
0.51652
2.7164
5.5322
4.8824
2.5934
1.4878
0.94671
1.3982
0.32433
3.1576
9.253
1.4754
1.5913
1.546
6.567
3.7401
0.44848
0.65703
0.76857
28.052
1.3498
0.99977
1.7431
0.95713
3.1767
0.99011
1.7773
1.0316
5.0468
3.4314
3.3239
3.6906
2.4719
2.3289
1.5517
0.43736
4.4745
4.4284
0.68779
9.86
2.3405
2.8328
3.02
1.197
4.0453
31.353
2.4826
3.0384
1.6323
8.6198
51.806
5.2586
3.8523
4.3373
0.32096
14.693
1.0789
1.3367
1.1298
7.6796
1.6601
4.4991
2.164
0.4431
1.5959
6.0178
3.1519
13.357
3.6072
2.0052
5.6338
1.9166
2.7354
1.1531
3.9779
0.44707
23.119
10.596
2.3686
0.7292
3.5546
3.7041
3.8536
5.4888
2.5961
0.76484
7.9834
4.9672
2.4452
4.6493
1.1607
1.213
6.3953
10.466
0.91201
1.8817
7.826
4.7501
5.2835
2.5112
2.0451
3.9616
0.1369
2.5754
0.94295
0.28655
0.46418
0.63597
0.57136
0.61021
0.25887
1.1805
3.061
1.1136
10.229
18.036
3.1058
7.7466
4.5801
10.092
5.8201
1.2302
2.5162
0.89709
1.4944
3.9847
0.8137
0.64531
11.197
1.7726
9.427
4.8501
17.073
0.50407
15.291
2.352
3.1339
1.9721
5.5845
6.336
6.8586
3.5445
1.9367
1.8766
0.60378
1.5146
1.7641
5.5708
2.3426
1.4739
1.7247
0.87331
1.8902
4.3437
2.5833
11.961
1.4391
1.1628
0.25589
6.024
3.7469
1.3581
2.0626
2.5233
0.45409
0.56175
1.2537
5.3305
3.8723
7.2593
2.5995
5.7864
0.85362
1.6155
0.63164
8.6879
0.36409
3.4184
0.99714
2.0237
0.87422
0.83664
7.9013
4.5465
0.88749
1.0964
4.2619
9.3423
1.8325
1.2113
0.64431
0.86068
0.13869
24.997
0.84139
2.4898
3.1585
2.4442
30.963
5.0869
1.0949
4.4032
5.3792
1.0424
5.3337
1.3694
1.5073
7.3978
0.84672
6.6159
1.4291
2.9407
0.74739
8.205
2.0084
2.0554
3.5778
0.43376
1.9717
1.6033
1.2404
1.7092
3.9089
3.8441
4.9542
0.45456
3.9609
8.8771
2.4345
3.1512
4.9836
3.6899
2.2365
9.5047
1.8632
0.67906
2.3165
10.27
2.5753
6.8708
4.1755
7.2797
10.213
32.082
1.3353
6.8091
2.377
1.5467
3.0301
1.747
0.7695
12.952
0.57989
1.1162
1.0604
2.2931
1.7283
3.073
3.9256
0.17724
5.2965
5.1671
0.91756
2.0834
3.453
14.173
1.055
10.246
0.57408
11.383
1.6274
0.84355
1.8466
2.5653
18.445
1.8531
1.5971
1.4405
3.3365
3.2394
3.2265
7.2412
9.0476
1.3711
3.5615
3.6917
3.9063
0.71624
0.12078
3.0101
2.4632
5.1098
2.7849
0.74334
14.5
1.7465
0.39407
0.89599
1.669
0.78192
2.2726
2.4008
1.1879
3.8329
5.9621
0.56339
3.0508
3.5444
5.6488
9.0971
1.4899
0.40984
0.7236
29.21
14.211
2.7727
2.3564
2.6925
15.593
0.77503
7.7447
4.2954
24.976
0.094816
7.5867
0.37701
1.7377
6.8979
0.58474
7.8082
1.2587
1.0387
7.8445
1.6472
12.746
0.35697
1.8642
10.921
1.6178
1.5309
5.2135
1.3908
2.1606
3.8095
1.4396
7.8492
6.1493
2.108
7.6603
9.2241
11.822
3.7985
5.8518
5.2139
5.6473
1.1644
4.6627
0.9402
2.0266
6.6915
16.775
13.792
2.9792
0.80884
3.7469
0.33052
1.4497
1.3576
2.5489
0.79496
0.83931
0.93382
1.0774
5.6375
2.7277
2.4722
4.8043
2.3743
0.57024
5.1694
5.0726
9.2818
5.5716
9.4613
3.4859
5.569
4.8165
4.1429
1.0764
0.54695
0.61644
39.77
4.2702
1.3999
2.3521
0.8539
5.0613
1.084
3.2602
4.7556
1.923
1.2363
0.65672
14.108
11.465
6.2533
0.63752
13.155
3.4987
2.3045
1.613
1.4469
2.0658
1.954
1.118
4.4929
0.87416
1.9804
9.4213
3.6471
7.777
16.287
1.7557
0.75611
3.599
1.2285
1.3291
9.7594
3.3424
0.86435
3.0866
1.3807
3.5069
4.563
18.332
5.3135
3.1739
3.5598
3.4722
5.7118
1.4178
3.0189
3.8491
4.3812
0.25563
7.5175
0.93634
0.84366
10.856
1.082
8.3604
5.0738
10.141
3.5803
4.7184
2.5931
0.60743
4.3346
12.675
1.5104
1.9959
4.7843
4.3177
6.2425
1.7523
8.4933
6.3736
1.4073
0.57377
1.1233
1.8622
1.3086
2.152
1.9573
2.2279
2.97
2.4233
0.72316
4.703
6.8998
1.1189
1.6163
3.3179
1.7106
1.6602
7.3344
4.5922
7.4076
2.5172
1.6994
7.127
1.9612
0.35007
0.35774
4.3878
1.1557
1.7751
3.6447
0.80138
6.6232
6.9095
8.1413
8.742
3.5848
0.26897
3.1129
1.5795
3.7819
9.845
1.173
2.0051
4.7717
1.2524
5.7567
1.2247
0.65637
1.3105
5.4317
0.98292
1.4585
3.8568
1.3771
3.2241
4.4136
3.8811
4.6711
24.245
2.5009
7.4793
0.3134
2.4893
8.8083
4.9914
0.52374
0.37998
2.3308
0.80444
0.96296
3.5974
4.4652
5.5571
1.6403
8.4377
7.3505
0.99378
1.4175
1.9804
3.6815
1.2656
2.9185
2.9141
5.8223
3.7121
3.016
1.8884
1.2428
4.1778
0.31062
6.5006
1.2392
4.1659
2.4482
2.2927
1.3835
0.431
3.2586
0.42097
5.5222
1.3443
0.71517
6.2904
3.8977
1.2267
4.5006
2.4091
7.4858
1.017
1.6773
0.68048
2.6301
3.1575
2.7016
5.557
5.4406
0.56637
2.531
1.8845
1.9951
2.2666
0.49677
1.2933
3.1789
1.0357
4.9624
2.1545
2.125
1.3434
14.364
5.0506
0.29466
2.8497
0.8229
2.709
1.302
0.95743
4.6955
2.0432
6.7735
3.4983
0.56429
1.5856
15.01
8.5401
28.58
2.8017
0.17566
5.1823
2.5305
1.4058
4.56
3.6658
1.7206
1.6888
5.3221
2.7459
1.8038
4.5531
1.4067
4.5305
2.7094
1.0559
1.2438
4.1937
10.88
6.1588
0.68608
4.5141
9.1435
7.0541
4.301
2.6081
5.9462
1.4354
24.005
8.3334
0.92055
0.78942
6.3035
1.7164
0.56113
1.3963
22.409
3.6049
2.5319
3.6697
4.0931
5.8976
7.077
18.738
1.1122
1.9581
1.0138
7.0233
5.0603
0.39433
1.2625
1.9599
2.4429
2.2279
10.916
2.8786
0.52655
2.235
0.84773
1.0419
0.66868
1.5291
32.716
2.191
1.9509
5.2524
5.9682
0.96819
3.8389
6.5785
2.9136
0.75203
1.6282
1.7537
1.5638
1.5899
1.2839
2.4941
24.511
4.4584
11.568
28.831
0.9127
0.76478
0.59587
12.755
1.1159
3.5523
10.905
0.73734
6.5805
4.2897
7.3855
1.8476
4.0463
6.6516
14.696
1.0722
12.404
2.4805
1.7232
8.7722
0.83806
1.4525
1.8504
6.6499
1.0037
2.8537
3.3269
1.5643
3.1438
2.7754
0.95157
2.4151
0.76663
1.2703
4.1893
1.4745
2.2921
1.7083
3.0909
5.2447
4.0409
1.2817
1.4218
1.3436
5.9963
7.843
3.3696
3.8138
11.417
4.4188
1.5701
1.2734
5.0979
1.3417
3.9505
2.5138
6.1239
1.0406
0.54616
8.7725
2.1026
16.563
3.7078
1.2922
4.1035
4.6476
1.6661
0.8274
1.0162
0.92395
1.7102
1.322
4.2525
1.9189
1.512
3.7037
0.44694
2.3558
3.3879
2.0163
2.8334
0.68977
8.5092
1.3798
7.7734
2.3612
0.42738
1.6116
1.0299
12.536
2.1104
10.164
8.4816
0.98658
19.462
11.16
13.769
1.8845
3.7634
1.8213
5.2886
10.645
1.7145
1.7187
2.789
1.2317
14.305
3.287
6.8558
2.1644
5.8641
0.32884
2.4683
0.98666
2.1563
1.0054
1.9157
2.035
4.8375
1.8862
0.57629
1.7516
4.4325
0.52261
1.5823
4.5112
2.5861
2.9179
2.2049
3.982
1.2106
1.9618
14.022
2.3455
15.969
0.42238
0.20226
7.0926
2.2909
2.7237
4.917
1.1988
2.0215
9.3924
2.032
5.2682
0.64057
4.5883
1.8872
2.4688
4.1378
2.5156
1.5799
0.78963
1.806
1.1977
7.7247
0.57847
2.4542
1.3533
15.826
0.98919
15.534
12.511
13.924
1.8039
1.3998
1.5386
2.4143
3.1599
3.2712
3.7668
2.8127
35.034
2.0276
3.0437
1.338
62.089
8.5339
0.91229
1.9797
5.5525
1.0278
9.2284
7.4798
6.3665
2.5126
4.2534
1.7979
14.578
0.98443
1.6624
3.0425
5.3094
4.6944
2.7936
1.6966
8.8304
2.864
3.3798
2.0795
4.2006
8.6968
1.4306
13.976
0.19988
1.6183
5.2724
0.60524
3.0769
2.7893
4.0209
15.144
1.1891
1.4401
1.67
2.0547
12.09
1.1585
1.5275
3.1866
1.0593
7.8291
3.885
2.3633
1.7425
2.4428
28.917
6.6664
5.7908
11.689
2.3498
2.5352
3.5871
2.5533
3.9148
1.1039
0.56693
0.64256
3.0629
3.8931
1.7167
2.6324
1.1855
0.99194
10.098
10.671
2.72
2.3925
1.4954
3.0991
13.296
4.5068
1.0239
1.6167
9.3433
5.6315
5.5398
2.2731
6.0379
1.129
2.2939
1.6717
0.90157
3.0362
14.297
4.697
5.1176
1.7541
10.861
6.8195
2.9768
9.1026
8.294
25.913
6.3967
1.4031
0.76592
3.8776
4.3966
0.86878
6.24
4.2108
0.86073
19.217
7.0496
0.80218
0.53893
0.85009
1.0854
2.0317
1.2166
2.0303
0.7178
5.7263
4.5565
3.2469
1.5717
11.161
8.6376
5.6449
1.1627
1.2646
3.6457
0.37913
0.59186
1.2685
1.51
2.3306
1.2997
2.9412
3.6827
4.0116
0.97843
11.692
0.4637
1.6837
1.1421
0.99917
14.504
2.1385
4.916
5.6057
1.0895
0.87928
1.7794
2.1947
1.2567
1.8741
9.2549
5.8131
18.504
2.7537
0.58682
3.3194
21.021
0.72355
1.8972
5.9628
3.2474
3.0127
3.4904
1.3372
2.0752
0.77935
4.3392
2.462
1.6064
8.091
2.2999
5.8285
1.8278
2.5496
8.6174
5.7944
1.6993
1.5394
3.7631
1.3788
4.8904
3.5797
11.619
6.4524
3.2671
2.7881
1.993
3.8067
5.0781
4
3.7771
2.7614
25.964
0.6097
6.096
5.6168
1.9816
8.3724
3.5475
2.2509
3.5297
4.1746
21.58
11.67
1.8513
11.569
1.7699
1.5073
3.4421
1.1824
2.8568
2.9609
1.1395
2.2768
2.4325
6.5638
1.3092
0.45779
14.055
2.5257
0.58242
1.0275
2.4511
4.395
10.861
5.3668
5.0715
0.3934
3.3324
0.77301
6.7533
1.143
2.0424
0.87955
8.3543
15.658
7.6277
15.475
1.0235
3.1589
0.84997
2.0962
2.4681
3.6024
3.1731
9.3686
9.4059
2.7333
21.078
4.7755
11.093
4.4778
18.953
5.4354
1.427
2.5261
0.87617
0.99962
8.9843
4.1239
0.64642
9.1863
1.4911
0.61914
3.4301
2.7366
2.5304
4.5966
5.6218
4.3143
3.6642
1.2887
3.4108
3.3351
1.351
6.8124
2.7172
0.23406
1.3951
8.0322
1.4635
3.3904
0.65583
4.0418
5.7564
11.201
1.1143
9.2648
3.3789
0.7342
1.4737
1.5358
3.9761
12.833
2.0576
3.3369
5.3984
2.4731
2.9282
1.0742
3.3909
3.7722
0.45052
3.9445
12.591
0.49197
0.87797
1.7486
1.5714
2.0417
0.77542
1.899
11.753
3.729
1.5263
3.3367
2.0853
13.015
8.2218
0.92288
3.3614
1.6905
1.5147
2.3164
1.9053
5.8913
8.217
8.7344
1.7622
8.2096
0.99369
4.7312
5.3645
3.1532
0.92469
0.29212
2.4444
0.99408
0.34701
4.022
2.8063
0.67997
7.2614
2.0827
6.1558
1.6647
2.3691
0.42477
2.4347
1.1407
2.784
1.8554
1.8263
6.188
4.0284
4.2468
4.3133
2.2354
2.7825
3.0963
2.5459
1.3807
3.9646
2.4064
3.6451
1.8237
0.92299
7.9064
0.81172
1.2494
2.5661
11.313
1.3432
1.3137
6.7723
3.5668
1.5637
5.1738
3.7208
4.1227
10.758
3.7561
4.4821
6.5198
5.7956
17.963
7.9776
3.0045
4.9492
1.2363
7.9686
1.422
0.56032
18.257
1.115
1.6555
2.4943
6.8665
1.722
1.218
1.7891
0.85746
1.4716
0.40931
5.6723
16.831
1.8575
3.0496
2.5285
9.7366
5.0899
5.225
4.5406
9.2851
1.6179
7.8745
4.1572
7.124
2.4589
1.295
15.167
1.531
2.4905
5.4013
14.039
6.9344
1.0728
1.7555
1.2631
4.5065
6.7085
8.3674
13.735
19.714
3.2222
2.66
10.116
0.28099
1.7906
8.7727
2.179
1.7843
1.4427
6.6714
4.151
3.3135
2.1882
26.453
6.7029
3.5581
5.5433
5.1055
2.1268
1.0918
14.543
0.75207
2.2733
15.656
8.1644
12.911
10.104
2.5019
4.3949
2.1281
2.6792
0.88542
11.36
3.0758
0.83332
4.1018
3.2298
1.1908
1.661
1.9773
5.8169
1.8932
0.49353
2.3816
4.5607
4.6198
9.657
1.027
1.2295
0.39158
7.6327
2.7536
7.2904
1.3457
3.4995
4.4168
0.4721
2.3644
36.159
0.34366
2.5418
3.0317
7.7801
2.3633
3.6122
2.204
3.7342
5.1306
0.75599
0.81018
10.489
0.71598
2.1918
3.7651
1.5697
2.0183
2.4012
1.989
5.8824
5.0733
1.4905
1.5411
5.2773
5.4262
3.7438
9.9053
12.24
8.6665
1.5049
18.009
5.4261
5.0958
2.2131
1.0826
0.39889
10.791
4.1262
18.32
0.56167
1.9621
1.9446
4.585
2.7907
6.7071
2.2744
21.655
2.6762
8.414
4.3623
4.1362
8.3242
2.7739
6.1038
3.6155
23.41
3.1012
1.459
9.0382
3.6265
2.1562
2.542
1.6675
0.74183
5.0053
3.8401
1.404
1.9725
7.2332
3.7936
1.097
3.9731
1.6678
3.988
20.565
3.9104
1.5449
1.6681
0.56381
2.9628
4.0237
11.061
4.599
1.0859
5.6245
8.6649
2.0471
13.019
2.3992
1.004
1.9574
2.9187
11.902
11.32
0.98089
0.41353
0.20966
2.6905
0.68685
2.1392
0.34211
5.6007
1.634
1.7351
1.0427
0.65579
12.89
1.0063
0.45924
1.1028
0.84808
2.459
1.8856
12.704
20.976
0.20547
1.2414
1.3738
5.9509
3.5349
5.0367
3.9922
6.1345
3.4061
1.1577
10.074
1.8231
1.2832
5.0691
29.78
2.4976
2.1922
1.0151
2.1171
1.8563
49.529
0.2643
0.66086
2.1281
13.999
3.7159
3.0884
10.416
2.7438
2.1824
12.568
4.6575
6.1986
0.23652
0.70219
4.0362
3.5859
0.55134
5.8882
2.5112
2.312
2.9973
1.1539
0.472
4.0098
0.8547
15.685
8.7166
1.4981
2.3393
1.0376
1.3596
5.4563
1.2464
3.5056
9.8324
2.9928
3.1331
1.4888
1.3898
4.3788
2.6993
2.922
0.6605
1.477
16.183
1.5316
2.6291
1.4911
2.2053
10.73
5.3125
1.6455
1.1663
12.676
1.4534
2.3648
11.943
14.467
0.6982
3.2945
15.064
18.711
9.3391
5.7459
1.1956
6.3199
2.5791
10.985
1.3083
0.75115
2.3288
0.73576
0.61927
10.412
5.6825
1.3081
4.3384
5.484
2.282
3.436
1.2918
2.1384
3.427
2.981
6.3713
0.98512
0.15788
0.47868
3.3505
0.32138
1.1086
1.5727
0.94812
5.1662
2.6013
2.0241
8.2239
1.4129
6.5043
0.71193
1.0779
0.54692
0.81589
8.7303
1.3394
2.3105
2.402
15.973
2.2902
0.74607
1.9077
2.3566
0.92233
1.3755
1.0365
0.75234
0.94483
1.3163
1.2453
1.314
0.66113
7.4577
5.9396
4.6384
4.1932
3.6509
3.0119
0.40822
3.3128
7.8846
5.6425
1.6162
2.5232
0.39632
16.496
1.6763
1.5453
0.52756
4.0412
1.4787
17.146
1.8349
0.60887
3.2905
0.6971
2.6609
0.76232
1.7381
0.821
0.36968
5.5726
3.6568
13.029
2.5475
0.44744
13.814
5.6272
1.6795
0.49338
2.0563
2.8724
3.864
3.3068
6.0291
1.7583
2.0183
0.84069
0.8628
4.65
2.6387
4.5165
0.46267
1.127
1.9765
9.554
1.5673
1.5544
1.6491
1.7817
0.5264
4.2271
2.2286
3.7456
11.52
0.53311
14.084
1.2203
0.45052
6.8526
0.71455
0.50302
20.727
1.2162
1.1588
0.65351
0.90462
1.8231
0.54522
3.224
3.4382
0.48972
3.6575
3.6237
5.3206
3.78
2.1638
5.4679
3.8165
1.7758
3.6368
2.0773
1.3101
2.7687
2.5756
3.7934
1.5926
1.095
2.2541
1.6312
0.34516
9.1493
3.4045
20.572
0.86236
3.569
5.1388
0.91205
0.67542
7.7114
3.4242
8.9807
53.661
2.9168
3.0395
0.19636
23.484
1.6703
0.46245
1.3715
5.6859
5.2487
0.56063
6.7659
1.5578
3.0354
0.81723
5.6013
1.5298
3.0937
6.9882
1.8164
0.72669
8.3973
7.8481
3.935
3.5325
8.1429
4.5638
1.9401
5.6014
1.4292
1.4865
3.763
0.62793
2.0332
4.4009
13.433
2.6788
3.457
3.8347
2.1498
9.3346
1.5238
1.4716
9.8602
6.6125
1.1892
4.7484
1.1521
3.1171
1.5036
0.86436
10.547
3.702
5.3963
2.762
0.54646
5.9194
4.4178
1.4807
2.9136
3.4767
1.0645
4.105
6.1891
3.6544
3.1248
0.53145
3.7997
1.7634
4.5111
1.7153
4.3897
0.81847
10.799
1.0253
1.5929
2.703
14.625
5.527
2.2212
2.6142
8.2791
32.168
29.942
0.77139
0.87316
1.4442
1.382
1.6187
4.7949
4.2574
3.0114
3.5804
3.0068
19.514
8.6162
0.49797
2.4724
6.8193
4.0329
0.70171
3.4008
52.432
0.27128
1.6511
0.55855
3.3441
4.2346
0.85916
2.0221
1.7589
2.0746
2.4861
3.9939
0.57459
37.096
3.7693
1.8353
1.9295
2.6662
9.1575
13.249
2.8103
3.0385
5.5473
1.8511
3.5334
4.4841
9.0932
2.1638
1.3331
32.595
1.6098
4.5447
3.3749
2.4429
0.54016
2.5181
1.0162
5.5548
1.7024
3.3966
0.48287
0.93943
0.55673
6.0699
0.69862
2.3367
3.4945
1.1407
7.0677
1.7396
3.878
1.2072
6.1186
7.9274
4.5325
8.7309
3.6435
3.7795
1.2988
8.3306
1.5482
4.495
3.1614
2.3239
5.3953
2.5817
8.222
0.39358
1.4565
2.2895
1.9799
8.6052
2.674
4.2885
11.124
3.193
13.082
7.809
1.6338
1.0417
4.8607
2.9372
8.9023
1.6554
0.94951
2.639
2.2864
1.7996
6.3047
4.87
0.15765
1.4291
4.3347
6.0375
2.5955
31.481
7.531
1.2597
0.57885
1.5712
1.7414
58.1
1.9972
0.55728
0.84591
8.1629
3.3699
1.0032
2.9357
0.40812
1.9468
4.8122
2.5259
0.96816
19.181
0.83323
3.7547
1.4692
5.4877
5.4815
1.1044
1.2446
6.1942
0.42397
0.25415
2.3392
4.2569
2.8487
8.7343
2.408
2.036
1.8858
2.2909
6.9995
12.192
4.9138
5.6034
21.45
0.2473
6.6954
1.898
0.95722
0.7629
5.4324
2.8313
2.2947
0.53683
3.3042
1.7806
2.4525
0.82336
0.39692
12.512
1.9547
6.9812
0.56808
1.6372
4.3316
1.6924
2.2477
2.2493
2.1212
3.1324
1.223
0.71771
3.6862
3.8626
1.6671
10.922
9.1623
1.9333
5.3078
5.2664
3.838
1.0713
18.195
1.9777
1.4882
43.301
3.9477
0.36897
2.3383
2.3778
29.266
2.1302
3.5268
16.045
5.3718
2.3325
4.3685
1.5177
2.3408
7.1095
7.8413
3.116
5.0779
1.1038
0.44477
6.7825
1.5541
1.9559
1.4056
4.9211
2.3496
6.8011
5.6121
5.6067
0.68656
0.74188
1.1719
8.2288
0.16402
1.6083
0.27696
6.0038
5.4148
1.2079
19.974
3.1993
26.294
3.3295
0.49834
4.242
4.0388
7.7347
0.16692
0.80779
2.4017
2.0104
21.667
2.6275
0.79812
9.815
51.57
1.2615
1.4482
4.0453
1.914
1.3502
1.3726
1.2964
15.305
0.48455
0.23686
2.2684
2.6818
1.579
5.0705
2.6558
3.225
4.1175
0.49552
1.6916
4.541
0.93496
3.92
0.9903
8.3439
14.271
7.2198
8.374
1.614
9.927
2.2801
0.75464
3.0956
13.787
1.327
5.4515
8.6494
1.9809
0.88989
15.108
4.927
6.3231
2.7453
2.0428
1.8045
20.421
19.249
1.0642
6.5295
1.0574
10.316
9.5738
1.7673
21.298
13.174
8.9765
3.5614
0.41227
6.8819
0.89637
0.60443
4.2169
1.3942
4.2926
4.0924
5.6963
3.2787
4.5654
4.2618
17.133
0.58241
2.6096
1.1773
25.464
0.52158
18.974
0.52755
4.2027
2.7031
0.90393
3.2757
0.71018
1.8054
0.8335
3.579
2.039
1.0118
3.3981
3.564
0.88127
11.371
8.3556
3.256
2.7312
3.1184
12.622
1.7489
10.127
5.7
0.68393
3.4413
0.31199
0.48251
2.3987
2.0264
0.6629
10.46
10.218
2.6912
6.8781
8.5046
1.7753
2.2845
5.0283
1.2356
1.7499
1.1643
0.3182
18.412
2.661
1.051
5.1068
9.5393
0.66384
0.77493
5.6877
22.588
1.8847
5.709
3.0393
9.0045
1.5495
0.7409
1.1182
1.1234
0.93242
3.3758
0.80898
0.7579
0.45104
4.8151
2.3896
2.6692
3.5037
2.7523
2.0239
1.7432
8.9142
8.8033
2.6793
18.757
1.3472
1.2595
0.60784
2.328
1.9246
0.81153
3.6154
2.1989
12.494
2.0098
0.87908
5.7153
0.62641
2.5307
2.6833
6.1632
3.0594
3.1055
3.8984
2.6374
5.1421
1.6215
36.702
0.99135
2.0248
6.2087
13.155
9.5972
1.2145
1.2059
8.6678
6.3048
8.7346
0.96366
3.2912
2.0019
1.1784
0.22396
4.4192
3.0446
2.4524
4.2834
5.4612
2.0309
3.8726
0.38304
5.4101
2.5058
2.6573
2.975
7.9473
2.7567
13.454
0.36655
7.8509
9.4695
1.7965
3.6633
3.3648
3.4512
1.8595
1.3533
7.8581
7.0517
1.3617
0.65866
1.4112
1.932
2.6539
3.9614
5.4857
3.9088
3.8749
7.7052
0.35061
0.46886
0.37112
5.4738
3.5291
8.2478
0.74085
0.85335
0.92364
7.6825
2.175
1.9014
1.9116
7.3966
6.9895
2.5894
1.6644
4.7006
1.9428
21.026
1.5526
3.0555
1.6021
1.2236
2.6252
7.2975
2.5791
4.2533
3.0254
5.5644
1.2322
1.7503
2.8677
10.711
4.8948
1.7909
3.7095
2.3191
2.7864
5.9188
3.3567
4.5909
0.39529
3.5851
4.6364
5.0664
8.2516
2.683
0.79124
1.4171
1.4491
4.5049
6.546
0.53271
0.34713
0.84635
2.8946
4.9778
3.1121
16.5
3.9481
3.9837
1.4896
3.5139
2.4329
4.8643
4.3642
0.38629
4.1431
16.855
1.6213
4.6487
1.1808
14.815
1.4136
52.712
0.91279
20.745
1.3755
0.41524
0.41063
1.3935
1.2072
3.5588
3.1654
5.0071
0.76478
1.4874
1.7406
4.9654
0.91599
3.4848
9.6186
0.35557
8.0755
1.2421
1.729
3.1837
2.5149
1.4711
0.10818
0.92846
2.9153
1.7635
3.7103
2.8411
3.155
0.89514
9.2934
0.69668
6.1152
3.0665
4.1298
1.7896
1.5099
1.4983
7.4402
5.242
14.235
0.69194
1.7507
0.77463
4.1356
1.2039
0.92956
5.9469
13.091
0.37433
4.2238
3.3959
15.718
2.9201
1.4277
1.0684
8.2001
1.4765
17.289
3.0206
2.6549
0.33475
0.79036
5.4232
4.494
1.1724
1.9496
3.5394
3.8923
3.3985
0.73805
10.176
2.2411
12.452
3.0207
6.7942
5.3049
5.5027
6.2985
7.2124
0.96693
3.1536
1.2819
1.1199
2.9067
2.2499
6.2204
22.309
7.7994
3.7889
5.2479
0.7284
6.5111
4.7461
0.80184
3.3817
9.2221
0.42991
2.1593
0.8689
2.348
5.0547
5.919
0.42517
4.7983
1.0936
0.86301
6.8
26.682
3.5178
3.6195
1.7475
2.0622
1.1681
1.7997
2.9408
7.0779
3.0647
2.3697
1.2823
1.0903
12.86
5.6074
2.2542
1.458
16.155
1.264
1.1479
1.1746
2.0767
1.7603
0.51176
4.4387
0.8099
18.327
12.239
0.61176
0.67321
1.4094
8.0141
3.1529
17.011
1.506
5.9397
0.76275
2.1967
1.9416
1.0959
2.3637
1.7095
4.3514
15.97
7.5515
0.61355
5.4835
1.8388
0.80224
2.3012
3.7293
4.1168
5.0431
3.0794
1.052
9.2418
5.4416
0.90827
1.6963
6.866
3.9397
2.9537
1.5696
6.5717
14.958
1.5135
4.9764
5.6645
4.3832
6.621
1.1347
2.3311
31.524
22.507
5.1649
5.732
1.5087
2.9255
5.0804
3.3519
4.154
0.33169
1.9211
6.0297
0.48445
0.53299
7.9401
1.4576
3.8985
4.4205
3.6092
2.6004
1.3761
2.2803
1.7195
16.813
0.63712
1.2704
3.2289
5.8674
0.20611
10.084
5.6288
5.9325
2.2586
2.2181
2.0355
3.5891
3.5221
11.163
1.118
1.8974
11.088
14.838
4.7579
2.6415
21.929
0.47718
3.2879
2.1246
0.92705
4.0837
1.0386
3.3327
3.3586
0.43708
18.166
4.423
3.247
1.2496
6.1814
0.87843
2.0675
4.9873
9.6313
0.85741
4.78
0.73678
1.1781
1.1338
13.671
2.9725
1.127
0.55759
3.5559
28.281
1.8504
2.1184
6.6746
14.757
0.31697
1.6469
0.50022
7.4405
2.5404
1.576
0.32579
3.1822
2.4344
2.1611
4.1916
12.268
1.905
1.498
1.7477
28.061
0.57989
1.8084
0.82869
1.5261
1.3444
13.865
4.2008
1.1126
1.6454
13.383
6.732
2.8871
0.35234
5.5068
2.3352
5.8157
1.7553
4.4487
0.47886
0.40904
1.1168
5.2838
5.5242
1.8597
0.77803
0.67842
1.3405
1.125
0.65952
7.9507
0.85437
0.65406
0.89349
8.8128
1.6904
1.8358
7.2525
2.6518
2.935
2.7313
2.6673
1.0014
6.7363
3.3432
2.5869
1.0389
7.5703
0.98419
4.652
2.7318
0.63487
3.228
5.9747
1.4927
4.8706
6.3031
2.4378
4.0611
0.90174
1.3775
3.443
1.0793
2.2425
0.29725
5.9038
0.15805
4.0381
11.497
2.9509
2.8593
4.7648
0.96254
0.83966
1.1729
1.5576
6.4946
1.6174
48.509
5.1073
6.0093
13.879
1.5075
3.2909
2.09
6.5436
1.6135
8.6716
0.90017
1.5209
1.7768
1.493
2.6394
0.85753
3.0393
18.773
1.0358
6.8477
3.9217
3.2738
19.123
4.0759
2.5736
4.5105
22.731
7.1291
4.3994
6.054
4.1098
4.6281
0.50916
1.8562
0.71888
3.4758
1.0709
2.9492
1.5239
3.0214
6.245
2.7032
6.1775
0.53431
2.5677
14.448
1.1765
6.9709
1.1741
7.3646
6.0573
1.5596
3.4914
2.4319
2.8133
2.0651
0.71841
1.1191
1.5743
2.0166
2.0044
4.0549
4.5766
4.3549
6.9105
5.9029
3.164
0.8924
7.615
0.51315
1.328
1.618
10.245
1.0749
1.947
0.20108
2.7754
2.5896
13.555
3.8646
5.1617
1.3985
9.5689
0.72154
3.258
10.594
2.3842
4.375
2.0777
1.5752
0.49694
0.93332
18.979
0.84786
51.04
2.4241
2.7116
4.0071
0.21337
2.5148
3.5039
1.7084
2.4058
0.90038
4.199
20.807
7.6534
1.2516
8.3278
4.1842
12.248
1.3671
29.598
0.35617
0.77732
4.8805
1.7705
3.4563
1.7346
1.1781
2.2391
2.5999
10.925
0.12139
3.2133
21.558
38.917
4.9766
4.7529
2.1583
2.8246
2.0986
0.90226
0.95079
1.9207
3.13
2.4498
3.372
2.7448
1.191
4.5205
2.5243
1.5055
8.1326
9.0426
0.25587
2.42
3.831
6.252
0.80408
0.42611
6.5606
4.9074
14.723
3.2583
1.6452
0.35478
0.45439
11.04
1.492
10.118
3.2627
8.3808
9.744
0.75339
23.706
7.0907
14.444
3.0982
0.94616
2.6895
9.5334
1.3128
3.4447
0.83148
2.8453
0.14325
1.9109
0.68185
0.35689
4.9813
16.915
48.448
0.75899
5.2305
1.6421
6.0064
1.1091
0.43364
5.5969
2.5883
25.456
1.1369
2.5998
0.68675
0.95003
1.7007
5.9934
8.4674
1.9904
1.9554
1.6077
0.69649
5.8347
16.868
1.0452
12.583
8.4799
3.4053
0.83653
1.2391
7.0876
0.96314
0.36688
0.54981
1.1879
4.3253
5.3897
1.6583
3.4418
0.82686
12.033
4.1297
1.0034
2.8496
1.2299
0.79241
5.9505
0.36054
0.9659
1.9881
6.4899
1.3391
4.4226
9.0939
3.1872
2.5304
7.8761
2.4502
5.0646
0.47162
5.3028
1.3004
9.7882
28.361
3.1746
4.2332
1.8656
3.9152
7.6799
9.5237
2.9735
2.9768
3.1699
4.0887
0.91837
2.0742
12.799
1.5973
1.5853
1.1004
1.5105
5.3529
2.6919
3.5514
3.7884
0.69254
2.722
1.7344
1.5312
1.0253
3.5527
7.4736
12.746
5.2723
3.8675
1.0031
1.5653
1.1284
10.09
4.383
1.4296
2.575
6.6689
4.2979
0.96604
0.77227
11.876
2.1042
2.1262
6.8652
0.57418
0.44565
6.7293
2.8295
2.0003
3.0599
4.0083
3.9005
16.59
5.9053
4.8174
4.0896
0.21175
10.453
1.3515
2.889
1.6343
5.0146
0.91707
2.238
2.9447
1.6255
2.1807
13.981
8.6899
0.92565
11.544
2.9955
4.71
0.6953
0.60734
6.03
1.544
26.068
10.245
1.7012
0.98671
2.4025
3.1094
14.451
2.479
10.992
0.81747
1.8332
2.7256
12.162
8.653
23.197
2.3775
0.70454
2.6149
0.56306
1.4738
15.123
24.085
0.66828
0.51422
1.5917
3.113
9.9668
9.8784
3.4469
4.3601
0.55034
3.785
5.3302
1.5289
1.0799
3.686
2.2272
1.5797
4.4675
1.5349
0.84795
3.5332
4.019
1.5838
6.1763
8.8142
3.2836
10.875
1.4955
1.0672
7.9789
4.3453
0.63598
4.0491
2.6874
10.817
2.6367
2.5184
3.1402
4.6497
0.98808
4.1289
1.0783
1.9009
8.8984
2.3908
1.3137
10.572
0.3316
1.4546
4.558
2.2556
1.3777
0.79699
2.9674
0.65197
0.73439
5.9715
0.68016
2.3191
2.012
20.608
4.6266
0.35438
2.3172
1.3979
0.73106
3.2962
2.4323
1.915
0.78239
0.70822
1.481
4.8777
3.832
2.9403
1.6137
2.2783
5.4393
16.075
4.4245
1.03
0.50003
0.72256
2.0196
6.7168
1.3326
0.50499
1.6885
0.96313
2.6285
4.6496
0.68238
3.7543
2.1587
2.3955
4.5776
9.9209
2.5056
10.198
1.8006
1.9916
0.29724
4.9033
7.2008
5.4588
1.3507
2.0537
4.2223
2.0733
3.4361
6.5209
2.7974
4.8688
2.7339
0.67514
1.2397
1.74
6.0789
2.5789
3.3781
10.926
4.542
3.0937
1.749
9.5951
3.4997
2.0774
8.6632
3.1815
2.4346
0.81192
13.583
0.27709
2.8275
2.0612
0.28447
11.335
1.0153
9.6527
9.9237
0.41791
1.4949
6.1922
0.45695
2.1121
1.1404
8.7108
3.9588
0.79328
5.9866
2.6546
1.3497
9.0853
1.6494
3.389
4.6353
4.8368
2.7543
19.253
11.314
0.72463
1.295
0.94618
4.774
1.8776
3.137
4.815
0.53663
1.0798
13.598
1.0889
8.1119
2.3851
9.0886
1.2303
0.69032
2.2756
1.8794
1.4873
3.7494
18.321
3.3114
3.6441
7.255
5.4465
13.125
9.7677
4.8053
2.7869
2.3966
3.7997
4.2822
5.9303
9.4213
9.115
3.2223
5.0311
2.5637
1.8934
2.869
1.6923
0.84882
6.1133
6.9734
0.81232
0.38723
0.56514
4.8982
2.3484
1.1418
2.3917
2.8621
3.6342
2.3896
0.47149
0.67442
3.0121
6.6208
10.865
1.0122
3.0026
2.0473
13.973
1.1928
2.6029
1.0883
3.2853
11.192
2.6872
0.91878
4.9235
1.7955
6.9339
1.0785
0.89138
2.341
2.2334
3.0741
8.618
1.2106
2.0664
10.385
4.3434
27.434
10.1
0.62157
15.087
10.087
10.689
1.3421
3.6518
2.9934
11.097
5.4939
4.4153
2.9336
1.1417
1.7674
1.4452
2.5878
2.3805
10.028
12.727
1.6711
1.3837
13.463
5.6961
2.2309
2.1749
8.7978
9.449
17.719
0.4106
5.7916
0.52581
80.449
5.5336
13.719
7.5966
2.1195
8.5258
0.4031
2.9109
3.1103
0.93908
10.308
14.852
0.52051
16.804
19.191
12.088
13.907
4.3163
2.1651
0.21664
1.8798
18.643
0.45643
3.8214
27.642
1.2614
3.9958
3.9053
6.6837
0.26075
2.3866
0.66387
2.1085
3.5514
6.0491
0.77475
1.4625
2.4771
15.592
3.7016
3.1136
4.8866
1.5665
1.0828
1.1866
3.6225
4.3688
1.862
2.0253
4.3436
1.8913
0.78301
2.7499
4.8576
1.8515
0.9877
1.8942
0.45611
2.366
5.1133
9.3988
3.781
0.39547
9.0004
6.5277
11.141
2.0215
2.8277
5.5896
1.3167
5.6742
4.7571
0.57251
1.4471
4.6441
1.2571
3.4701
0.99336
9.5188
9.8695
3.1921
3.4366
1.904
6.0353
3.0567
1.8461
5.0304
7.3572
0.27806
1.5117
1.8591
0.49038
6.4012
4.9631
0.93178
1.0846
4.454
5.5666
4.6594
2.1652
1.331
0.78929
1.7225
5.1648
3.6242
1.2301
3.2162
1.7212
6.9691
3.5643
1.057
9.9283
5.0394
14.257
2.5101
2.2364
1.7011
16.714
17.811
2.2541
0.29611
1.3695
0.35516
2.2367
1.6659
0.21781
1.6871
0.55988
8.3885
10.421
1.5056
2.364
3.8711
0.29039
4.2768
6.3309
2.6863
3.2286
0.68981
1.6775
2.3864
4.3007
10.551
3.5657
3.5078
6.3809
0.35051
1.3616
3.1813
2.7074
3.4345
6.0092
1.8442
1.6766
4.0781
5.1897
6.6236
1.0773
19.138
8.3972
0.57307
12.812
1.9049
3.4844
3.3747
1.2386
4.5218
5.3681
10.518
6.8602
2.231
5.0505
3.7745
3.8274
2.8314
3.5792
13.568
2.5646
7.0919
1.8373
5.6659
0.8251
12.076
0.72432
5.2904
6.2509
0.72743
5.3963
1.2161
9.3365
4.1339
3.8326
4.5648
0.91013
7.0769
2.6041
1.6614
0.86779
2.2501
0.61362
0.32127
57.108
3.1356
0.94182
4.6503
0.19272
20.445
2.7987
0.67315
3.4653
1.2032
6.8549
3.0225
5.1928
2.1329
0.26398
33.555
1.835
7.5185
0.87097
1.0798
4.3607
0.36674
1.93
1.9234
5.5241
1.6842
1.5265
3.0155
1.5571
0.59252
3.4279
3.2564
8.6071
2.1267
1.6863
2.9905
1.5128
1.0821
2.8315
1.5812
6.1833
23.211
9.1936
1.608
10.003
1.5637
11.666
1.8868
2.6672
3.0499
2.5637
1.304
2.0978
7.2861
2.0052
1.6437
1.7493
2.7794
2.7851
1.3119
1.2395
2.572
1.9324
5.0511
0.81091
2.0061
10.833
1.1564
5.7028
22.358
1.6465
1.6123
1.0055
3.4599
2.1595
3.505
2.3961
5.0227
1.1487
4.5602
2.096
11.245
1.5013
4.587
2.4866
2.5311
14.617
0.40247
1.1185
2.3404
3.0895
1.6928
0.36693
5.5069
6.2536
0.70051
2.1246
3.4248
7.6393
1.0763
1.8519
1.6709
4.6791
7.1048
8.2736
3.5702
3.3814
3.4216
2.6113
4.218
2.7735
1.1788
3.1808
0.75854
17.651
1.2136
3.5003
4.2583
1.6864
1.8117
1.1496
0.55052
14.418
4.5692
3.9922
6.9995
1.1537
1.2159
8.0908
6.8404
3.0489
1.8223
12.921
5.1965
1.3049
0.7452
21.945
2.5739
4.9049
2.2486
0.33392
2.0277
7.4854
1.0083
0.40211
6.6781
1.255
11.933
0.84823
5.7879
0.10465
5.994
4.2582
10.055
5.1494
3.424
1.8578
2.3578
2.674
2.5028
1.1592
1.3503
5.6805
0.52404
16.961
2.8521
3.5108
2.8199
4.4933
15.772
3.6389
7.2653
3.3654
1.348
1.6514
0.85567
2.0466
18.718
6.8388
0.75924
23.824
9.9059
1.8004
5.8016
3.6529
8.7989
0.86363
4.0907
1.2212
2.4477
1.1851
1.0642
3.7363
2.8558
0.87328
3.5737
1.3848
1.9526
3.4489
2.6507
0.74266
1.0692
3.389
1.7579
3.0347
0.61954
0.33078
2.1765
6.5024
0.84386
6.4476
2.3664
10.921
0.96424
14.637
0.82959
9.3596
1.5951
6.9588
8.7453
0.86926
4.5875
1.3222
2.1056
0.16806
8.4835
0.64481
1.6591
27.768
2.3538
0.80468
2.8768
0.61876
3.7335
5.9047
11.173
1.1693
1.6845
2.9961
10.028
1.0492
6.6391
2.3916
4.4256
0.70786
0.12996
6.3289
12.178
0.74914
1.5338
0.92001
1.0389
5.186
10.628
0.83701
2.2824
4.1853
2.4095
2.7156
12.588
0.68178
5.041
4.1245
1.6523
2.4137
0.74003
17.459
2.9797
6.9554
1.6038
3.8222
4.2942
1.5951
1.3588
3.5687
3.8636
6.9031
5.0414
0.70549
2.5869
8.8267
2.3918
0.34623
1.869
7.6718
11.804
8.0837
1.1321
3.875
9.3661
2.5832
0.67874
4.0414
0.15394
8.2514
2.3288
0.49959
0.92978
2.4623
3.5194
3.883
6.3796
1.0633
2.7019
1.9627
3.0276
17.764
2.5023
5.2774
1.9143
6.9094
16.163
0.79339
5.7018
1.5213
1.6626
0.77875
17.588
3.1876
1.5482
7.5034
1.1285
0.91629
1.7774
1.7102
1.717
1.9345
13.357
1.5709
3.2512
4.8315
7.4156
2.596
7.6505
4.4193
1.4817
0.825
8.0663
12.148
5.7634
1.7044
5.1963
2.5989
0.97372
19.03
3.5606
0.55626
4.0832
2.2077
0.54561
2.7859
0.70269
9.3301
11.412
4.0054
0.19796
4.3077
1.3681
3.6875
2.3575
2.1192
3.4838
4.907
2.0483
19.915
0.53357
5.2636
1.7699
6.9268
9.2147
2.2718
8.6472
0.68704
0.26325
1.5446
3.8573
0.94302
0.52041
1.3491
11.273
0.98223
1.9283
8.9179
1.3607
1.7935
0.31397
4.3535
1.8911
4.8688
1.0198
3.5069
5.7607
10.249
0.16869
4.8087
0.67818
1.8839
0.64913
5.5575
1.7379
0.25177
1.8171
5.6477
1.4696
1.616
1.6547
2.3963
2.8685
0.67092
1.9904
9.4608
0.98652
1.4458
18.547
1.1455
4.0199
3.0144
1.7576
0.83316
14.755
1.6113
1.859
6.4785
1.2751
4.5318
6.7584
0.12531
5.1626
4.1392
3.9585
9.8379
1.4988
3.7172
8.3167
1.6984
1.8327
3.5186
4.3461
5.5332
3.9181
4.3578
9.8721
5.1229
3.4576
11.008
1.5511
1.3643
30.315
1.9533
15.599
8.5697
0.57732
3.1352
5.3639
0.77901
1.8009
8.2137
3.4165
11.592
22.902
0.39767
1.4342
6.559
7.9076
5.017
5.458
4.2424
1.5342
6.1577
5.5589
3.8255
0.25176
2.9842
1.0797
2.1117
4.4833
0.61022
4.8278
1.1469
15.331
6.8739
10.083
2.5673
2.094
2.9674
1.9311
0.28651
1.8153
1.5372
5.2662
2.7104
2.8094
2.9331
7.0256
3.0419
3.8483
16.805
5.0095
2.4042
1.9001
2.3066
1.0525
8.4722
7.5229
0.79064
4.405
3.0186
2.3645
1.8896
4.0088
1.8541
2.2904
0.42617
6.0575
1.0101
6.6258
3.857
0.41681
6.9001
2.2796
2.9336
6.8622
1.8475
1.1533
3.6791
4.5845
2.3099
9.8309
1.3973
9.7623
3.0597
51.027
3.3819
9.4024
2.5175
1.2811
0.79634
0.78645
5.8813
3.2295
1.9281
7.6201
1.4279
4.7244
5.8548
2.3942
2.3921
5.1779
2.43
7.1436
2.5754
9.6938
1.5114
54.725
1.7877
12.804
0.82181
5.1606
1.7682
5.3492
0.6492
3.9211
0.39193
0.61167
1.8106
4.5785
2.0584
1.034
0.93738
5.4133
0.70124
4.7058
1.5421
0.76732
0.99917
0.97439
8.8398
0.33909
0.90427
6.4783
2.3711
2.1002
8.5373
2.6024
1.1985
3.6124
10.064
1.5912
0.29671
3.3564
2.4018
3.8381
1.6697
2.364
1.2063
3.353
1.2462
0.80708
1.4212
2.4841
4.4811
5.1433
1.0229
3.4715
1.0785
13.038
0.56065
0.66354
3.7035
2.8318
1.0698
1.0625
4.4219
3.7925
14.525
5.805
2.2322
14.008
12.359
0.77657
2.1379
7.7479
5.1489
2.1623
0.80534
5.5512
2.1122
5.0067
3.2874
1.0519
0.95022
6.524
0.52379
1.867
14.994
7.9401
4.6165
4.4707
1.1085
2.6322
0.83448
1.0191
0.42138
6.3771
10.075
4.5816
13.031
0.62585
5.6434
2.9751
1.6754
3.38
21.519
1.6362
1.4054
1.1439
1.8081
4.0428
1.304
1.9146
1.3959
5.3389
7.208
2.1331
15.506
6.5225
1.808
0.34822
1.2434
4.433
0.72421
0.91381
0.79702
3.5586
11.166
5.5502
0.67734
5.5782
2.9636
8.4883
2.8651
1.8368
1.4446
0.99539
1.0262
0.4183
0.54335
0.94191
0.76324
1.2277
0.67593
1.3956
2.6546
44.227
7.1668
0.14354
3.0611
10.952
2.5754
9.6701
6.2477
3.1244
4.8439
0.80176
2.4628
5.9478
1.8687
5.0645
1.0851
1.9779
1.8876
4.6136
4.2339
2.2193
1.5582
1.0277
5.0546
7.0832
2.374
2.1534
4.5733
0.45058
3.5659
1.7737
1.3092
1.1664
3.9018
3.6137
0.37887
7.548
18.712
0.89206
2.8506
6.5966
4.2105
2.0156
2.6634
9.1088
2.2073
2.613
1.4168
2.395
0.53345
3.2843
3.1891
26.395
1.3334
0.92185
4.932
12.06
5.0171
3.6978
1.352
8.8102
3.0837
4.3459
1.2432
1.4454
1.8164
3.5854
4.1648
5.5558
2.5006
7.4671
1.7957
4.4041
1.8671
1.6243
2.4196
2.5591
1.4078
1.4794
3.4786
6.7436
0.64143
5.4377
8.7714
10.848
4.6663
2.5378
0.28177
10.949
12.933
1.7919
6.2973
11.31
3.3903
0.29701
1.6079
2.8049
1.861
0.36471
9.798
2.5355
3.2039
20.92
1.4784
0.49202
1.1943
1.9544
1.2661
16.908
0.69802
2.4472
5.894
2.5326
0.7595
0.95847
1.1439
1.3562
52.996
2.1122
3.0729
2.8942
0.90692
1.2372
2.6267
7.1202
0.78011
6.7598
0.78422
1.9194
24.498
2.6132
2.6493
0.91709
2.5766
3.8875
32.042
1.8188
5.164
3.571
1.9348
1.7211
0.64126
16.069
1.9847
6.3356
10.904
0.81371
7.6433
8.3961
4.8082
1.9245
4.6096
7.664
3.8591
8.8744
2.3662
0.98508
3.7625
0.90333
2.7029
0.55721
0.94528
9.5581
4.6942
0.68851
2.7901
5.0866
3.3648
5.0451
6.9941
5.412
13.804
3.1799
2.7403
1.5661
11.616
3.5392
1.1782
0.50916
14.046
6.3619
3.2497
8.9891
2.1929
0.62847
3.1882
1.1425
5.2933
13.023
8.927
18.016
4.4713
14.044
0.87465
3.9104
2.0226
9.6143
1.8574
1.1223
2.7365
1.4722
7.7056
3.1284
4.7782
0.86837
29.503
6.9153
5.9231
9.4171
0.98224
6.8328
1.7643
2.4371
0.50115
7.4043
9.9891
3.3681
1.696
0.49071
1.6973
2.7181
2.9479
2.9139
1.953
1.7347
1.4963
4.4744
25.739
1.0867
1.0788
1.6456
2.5017
5.2156
1.0366
0.86585
1.9369
1.666
2.5414
0.7536
1.3064
0.80953
5.5837
20.325
4.6299
4.2763
52.991
7.3758
2.674
3.6446
2.0888
5.1687
6.2593
3.96
9.0111
1.4395
1.8523
3.6195
0.53098
3.4113
2.0452
4.5686
1.5329
0.53798
3.106
1.3453
5.5126
22.75
1.1547
2.173
1.6775
1.9488
3.9077
2.0642
1.6277
2.6658
3.8272
4.9485
0.77275
1.1237
0.82312
0.73611
2.2151
5.7378
1.1107
4.791
5.5174
1.4848
6.696
6.4706
1.4098
1.293
2.8102
8.4512
0.72083
0.38946
4.0495
1.3796
0.27542
1.4303
0.48288
7.8836
14.653
5.8965
7.7323
0.68015
0.98923
27.097
1.7303
2.8543
2.5142
15.592
11.522
2.4661
1.0702
4.0193
1.4086
1.1841
0.86264
11.456
2.9256
1.0128
1.3753
3.5815
1.4953
0.46691
5.5102
2.6453
8.0851
2.0408
2.4269
1.7477
1.5172
1.7617
1.7134
2.4623
1.6244
1.4333
1.7513
7.9935
3.0027
2.3973
8.8865
3.3084
0.78874
0.29008
3.449
3.5364
2.0937
1.1176
6.8007
0.84955
3.6616
32.242
2.9783
3.0166
7.6053
0.6997
2.078
2.1802
5.7328
1.7092
3.2058
0.63982
6.7781
1.8262
15.421
1.6156
0.54412
2.1806
11.044
1.035
1.2943
0.83762
0.77208
2.2988
1.0707
4.2067
1.3547
3.2141
1.0585
1.333
